2	 4	 4	 0.4596	 0.396318	 0.623556	 0.2161	 0.187347	 0.290617
2	 4	 4	 0.4674	 0.405806	 0.637486	 0.2000	 0.177882	 0.267646
2	 4	 5	 0.4643	 0.408639	 0.610970	 0.2426	 0.215227	 0.315348
2	 4	 6	 0.4824	 0.436468	 0.605633	 0.2214	 0.202269	 0.272978
2	 4	 7	 0.4777	 0.453606	 0.556822	 0.2461	 0.234522	 0.286253
2	 4	 8	 0.4741	 0.469146	 0.521986	 0.2287	 0.229838	 0.250581
2	 4	 9	 0.4727	 0.482419	 0.506799	 0.2493	 0.256879	 0.266313
2	 4	 10	 0.4765	 0.494694	 0.508254	 0.2443	 0.256012	 0.257034
2	 4	 11	 0.4593	 0.477464	 0.488955	 0.2472	 0.257417	 0.263503
2	 4	 12	 0.4452	 0.472226	 0.471767	 0.2397	 0.255300	 0.254650
2	 4	 13	 0.4495	 0.478700	 0.467609	 0.2545	 0.272686	 0.264909
2	 4	 14	 0.4554	 0.495596	 0.456840	 0.2441	 0.267337	 0.243538
2	 4	 15	 0.4413	 0.485251	 0.433033	 0.2604	 0.287903	 0.255101
2	 4	 16	 0.4483	 0.497718	 0.433224	 0.2533	 0.282398	 0.244810
2	 5	 4	 0.4774	 0.433644	 0.600540	 0.2358	 0.218053	 0.290870
2	 5	 5	 0.4581	 0.416582	 0.571646	 0.2605	 0.238117	 0.323240
2	 5	 6	 0.4747	 0.443011	 0.565112	 0.2465	 0.230634	 0.291449
2	 5	 7	 0.4878	 0.466981	 0.561618	 0.2785	 0.266486	 0.320377
2	 5	 8	 0.4922	 0.494323	 0.529535	 0.2617	 0.264167	 0.279729
2	 5	 9	 0.4731	 0.484936	 0.500741	 0.2695	 0.274917	 0.286615
2	 5	 10	 0.4726	 0.495000	 0.492247	 0.2515	 0.265413	 0.260428
2	 5	 11	 0.4511	 0.477182	 0.464428	 0.2691	 0.284881	 0.278425
2	 5	 12	 0.4587	 0.486026	 0.466186	 0.2553	 0.272246	 0.259625
2	 5	 13	 0.4527	 0.492821	 0.451305	 0.2703	 0.291933	 0.272772
2	 5	 14	 0.4467	 0.498002	 0.434950	 0.2565	 0.284998	 0.251659
2	 5	 15	 0.4422	 0.498608	 0.421062	 0.2703	 0.305210	 0.257740
2	 5	 16	 0.4421	 0.501739	 0.418820	 0.2594	 0.295478	 0.245948
2	 6	 4	 0.4860	 0.461158	 0.569495	 0.2332	 0.223590	 0.270508
2	 6	 5	 0.4920	 0.470018	 0.570376	 0.2567	 0.247583	 0.293754
2	 6	 6	 0.4991	 0.488090	 0.561730	 0.2431	 0.239785	 0.271974
2	 6	 7	 0.4996	 0.497527	 0.551061	 0.2650	 0.266130	 0.290323
2	 6	 8	 0.4937	 0.504233	 0.525463	 0.2481	 0.254592	 0.263163
2	 6	 9	 0.4892	 0.509858	 0.506360	 0.2703	 0.284403	 0.278459
2	 6	 10	 0.4897	 0.514714	 0.499475	 0.2406	 0.253375	 0.245396
2	 6	 11	 0.4852	 0.513438	 0.497238	 0.2651	 0.282049	 0.270596
2	 6	 12	 0.4783	 0.520166	 0.470963	 0.2510	 0.271788	 0.249031
2	 6	 13	 0.4714	 0.527136	 0.456468	 0.2735	 0.306119	 0.264900
2	 6	 14	 0.4692	 0.531965	 0.444858	 0.2505	 0.283511	 0.238069
2	 6	 15	 0.4787	 0.550126	 0.445317	 0.2767	 0.317174	 0.258268
2	 6	 16	 0.4877	 0.559041	 0.453453	 0.2624	 0.302794	 0.243572
2	 7	 4	 0.4970	 0.486160	 0.556088	 0.2550	 0.251090	 0.283146
2	 7	 5	 0.4892	 0.482119	 0.545965	 0.2663	 0.261294	 0.300538
2	 7	 6	 0.4865	 0.476564	 0.539232	 0.2400	 0.232977	 0.269176
2	 7	 7	 0.4981	 0.507936	 0.527787	 0.2743	 0.279048	 0.291679
2	 7	 8	 0.5110	 0.527336	 0.531589	 0.2645	 0.272722	 0.275517
2	 7	 9	 0.4929	 0.512862	 0.505184	 0.2778	 0.288965	 0.286134
2	 7	 10	 0.4976	 0.533040	 0.498679	 0.2589	 0.279597	 0.258029
2	 7	 11	 0.4930	 0.535715	 0.487786	 0.2763	 0.300939	 0.273221
2	 7	 12	 0.5028	 0.560405	 0.483024	 0.2805	 0.312201	 0.270587
2	 7	 13	 0.4886	 0.546331	 0.468014	 0.2758	 0.308054	 0.265328
2	 7	 14	 0.4775	 0.544510	 0.446422	 0.2613	 0.296573	 0.245271
2	 7	 15	 0.4804	 0.553553	 0.446620	 0.2745	 0.314013	 0.257837
2	 7	 16	 0.4869	 0.570629	 0.444667	 0.2655	 0.309849	 0.243312
2	 8	 4	 0.5060	 0.510796	 0.541914	 0.2434	 0.246072	 0.260785
2	 8	 5	 0.5039	 0.522743	 0.526922	 0.2564	 0.266565	 0.268210
2	 8	 6	 0.4995	 0.513074	 0.522122	 0.2481	 0.255392	 0.259128
2	 8	 7	 0.5160	 0.535354	 0.537447	 0.2561	 0.265949	 0.266635
2	 8	 8	 0.5175	 0.544621	 0.529002	 0.2676	 0.281921	 0.273039
2	 8	 9	 0.5038	 0.547212	 0.499186	 0.2672	 0.290863	 0.265279
2	 8	 10	 0.5035	 0.538966	 0.503118	 0.2635	 0.282333	 0.263934
2	 8	 11	 0.5054	 0.548196	 0.499753	 0.2670	 0.289075	 0.264476
2	 8	 12	 0.5023	 0.562373	 0.485250	 0.2559	 0.286709	 0.247639
2	 8	 13	 0.5151	 0.585444	 0.486050	 0.2751	 0.313554	 0.260403
2	 8	 14	 0.5005	 0.573082	 0.465658	 0.2613	 0.299144	 0.242938
2	 8	 15	 0.4949	 0.572334	 0.456103	 0.2743	 0.318799	 0.252322
2	 8	 16	 0.4907	 0.569460	 0.448167	 0.2706	 0.315804	 0.246810
2	 9	 4	 0.5046	 0.529104	 0.517103	 0.2549	 0.267403	 0.261740
2	 9	 5	 0.4926	 0.520465	 0.503668	 0.2556	 0.271442	 0.260795
2	 9	 6	 0.5025	 0.539842	 0.504302	 0.2586	 0.277467	 0.260432
2	 9	 7	 0.5049	 0.550913	 0.497674	 0.2624	 0.285670	 0.259629
2	 9	 8	 0.5036	 0.548829	 0.496780	 0.2587	 0.281791	 0.254987
2	 9	 9	 0.5033	 0.547249	 0.493730	 0.2625	 0.286530	 0.257751
2	 9	 10	 0.5158	 0.576586	 0.494569	 0.2640	 0.294615	 0.254692
2	 9	 11	 0.5038	 0.556080	 0.487393	 0.2597	 0.285550	 0.252900
2	 9	 12	 0.5108	 0.569848	 0.488931	 0.2667	 0.296837	 0.255490
2	 9	 13	 0.4883	 0.552537	 0.458778	 0.2630	 0.296506	 0.248546
2	 9	 14	 0.4888	 0.562566	 0.453356	 0.2779	 0.318711	 0.258820
2	 9	 15	 0.4945	 0.576946	 0.451420	 0.2687	 0.312096	 0.247079
2	 9	 16	 0.4899	 0.574994	 0.446479	 0.2674	 0.315251	 0.244292
2	 10	 4	 0.5095	 0.542358	 0.513745	 0.2560	 0.274479	 0.256306
2	 10	 5	 0.5052	 0.548035	 0.499314	 0.2582	 0.280200	 0.255008
2	 10	 6	 0.5104	 0.551284	 0.506342	 0.2678	 0.288225	 0.265814
2	 10	 7	 0.4989	 0.546914	 0.486817	 0.2682	 0.295388	 0.261160
2	 10	 8	 0.5077	 0.563231	 0.487344	 0.2660	 0.294531	 0.256086
2	 10	 9	 0.5048	 0.560986	 0.487469	 0.2637	 0.291819	 0.255634
2	 10	 10	 0.4977	 0.555244	 0.478116	 0.2568	 0.287652	 0.246069
2	 10	 11	 0.5092	 0.573711	 0.481784	 0.2693	 0.302742	 0.255370
2	 10	 12	 0.5027	 0.572169	 0.470690	 0.2609	 0.297149	 0.243900
2	 10	 13	 0.5000	 0.574403	 0.464570	 0.2661	 0.305826	 0.247741
2	 10	 14	 0.5036	 0.581411	 0.463351	 0.2716	 0.312487	 0.251429
2	 10	 15	 0.4985	 0.586999	 0.450863	 0.2755	 0.323928	 0.249545
2	 10	 16	 0.5050	 0.596616	 0.453442	 0.2769	 0.327253	 0.248590
2	 11	 4	 0.5066	 0.548974	 0.503045	 0.2656	 0.290587	 0.262840
2	 11	 5	 0.4914	 0.539694	 0.480755	 0.2577	 0.283539	 0.252758
2	 11	 6	 0.5047	 0.556970	 0.489335	 0.2669	 0.294346	 0.258927
2	 11	 7	 0.5061	 0.564809	 0.485034	 0.2673	 0.299914	 0.255725
2	 11	 8	 0.5080	 0.570468	 0.484474	 0.2622	 0.296351	 0.248963
2	 11	 9	 0.5131	 0.574841	 0.487998	 0.2782	 0.313388	 0.263894
2	 11	 10	 0.5030	 0.566230	 0.474922	 0.2704	 0.304701	 0.256013
2	 11	 11	 0.5027	 0.571584	 0.471260	 0.2695	 0.306185	 0.253554
2	 11	 12	 0.5013	 0.573280	 0.467104	 0.2696	 0.308517	 0.251872
2	 11	 13	 0.5049	 0.592509	 0.461614	 0.2711	 0.320139	 0.247539
2	 11	 14	 0.4967	 0.576304	 0.454798	 0.2732	 0.317660	 0.250566
2	 11	 15	 0.4996	 0.596458	 0.448057	 0.2745	 0.327710	 0.247145
2	 11	 16	 0.5007	 0.597811	 0.447175	 0.2778	 0.333514	 0.246933
2	 12	 4	 0.4880	 0.533797	 0.478873	 0.2497	 0.272952	 0.244936
2	 12	 5	 0.5006	 0.561169	 0.477400	 0.2683	 0.299938	 0.256705
2	 12	 6	 0.4955	 0.562573	 0.469206	 0.2564	 0.292134	 0.242311
2	 12	 7	 0.4959	 0.564494	 0.464731	 0.2688	 0.304353	 0.253528
2	 12	 8	 0.4995	 0.572818	 0.466307	 0.2606	 0.297784	 0.243624
2	 12	 9	 0.5015	 0.580006	 0.465832	 0.2682	 0.309989	 0.249340
2	 12	 10	 0.4864	 0.556581	 0.456108	 0.2637	 0.301946	 0.246498
2	 12	 11	 0.5071	 0.585643	 0.468884	 0.2737	 0.313930	 0.254789
2	 12	 12	 0.4907	 0.570634	 0.452117	 0.2624	 0.306816	 0.241082
2	 12	 13	 0.5043	 0.586827	 0.464783	 0.2689	 0.312713	 0.248496
2	 12	 14	 0.4975	 0.584024	 0.451996	 0.2679	 0.315170	 0.243380
2	 12	 15	 0.4987	 0.593481	 0.449329	 0.2721	 0.324141	 0.245188
2	 12	 16	 0.4909	 0.588066	 0.439849	 0.2663	 0.319411	 0.238689
2	 13	 4	 0.4896	 0.542561	 0.472710	 0.2636	 0.293040	 0.253163
2	 13	 5	 0.4975	 0.564314	 0.470728	 0.2645	 0.301968	 0.249599
2	 13	 6	 0.4976	 0.567419	 0.466753	 0.2707	 0.309421	 0.254100
2	 13	 7	 0.5040	 0.585607	 0.466294	 0.2647	 0.309724	 0.244115
2	 13	 8	 0.4881	 0.569670	 0.448921	 0.2745	 0.322155	 0.251115
2	 13	 9	 0.5053	 0.588651	 0.464194	 0.2711	 0.316851	 0.249255
2	 13	 10	 0.4800	 0.568833	 0.435776	 0.2697	 0.319502	 0.245425
2	 13	 11	 0.4817	 0.558317	 0.445829	 0.2637	 0.307899	 0.243084
2	 13	 12	 0.4885	 0.577054	 0.442480	 0.2578	 0.305024	 0.233457
2	 13	 13	 0.4921	 0.584020	 0.444531	 0.2652	 0.316202	 0.239045
2	 13	 14	 0.4899	 0.583017	 0.439477	 0.2689	 0.320413	 0.241549
2	 13	 15	 0.4957	 0.593482	 0.443603	 0.2649	 0.319384	 0.236609
2	 13	 16	 0.4799	 0.579441	 0.425156	 0.2613	 0.315255	 0.232648
2	 14	 4	 0.4791	 0.541523	 0.453454	 0.2547	 0.288541	 0.241404
2	 14	 5	 0.4922	 0.560830	 0.461995	 0.2554	 0.292975	 0.238179
2	 14	 6	 0.4788	 0.549636	 0.445371	 0.2633	 0.302671	 0.245494
2	 14	 7	 0.4843	 0.558461	 0.447997	 0.2575	 0.295238	 0.239436
2	 14	 8	 0.4941	 0.574941	 0.451362	 0.2641	 0.308253	 0.240730
2	 14	 9	 0.4914	 0.570477	 0.453851	 0.2586	 0.301031	 0.238822
2	 14	 10	 0.4853	 0.571040	 0.441531	 0.2627	 0.308541	 0.239797
2	 14	 11	 0.4923	 0.579605	 0.447916	 0.2638	 0.311476	 0.239971
2	 14	 12	 0.4778	 0.568219	 0.430660	 0.2593	 0.308753	 0.234356
2	 14	 13	 0.4913	 0.590993	 0.439344	 0.2653	 0.319513	 0.237367
2	 14	 14	 0.4849	 0.589551	 0.430035	 0.2691	 0.328478	 0.238407
2	 14	 15	 0.4926	 0.603580	 0.434103	 0.2666	 0.328495	 0.234160
2	 14	 16	 0.4917	 0.601075	 0.434434	 0.2721	 0.335059	 0.239141
2	 15	 4	 0.4859	 0.560811	 0.448503	 0.2557	 0.296482	 0.235951
2	 15	 5	 0.4876	 0.561328	 0.449329	 0.2541	 0.293637	 0.234274
2	 15	 6	 0.4888	 0.573670	 0.444942	 0.2547	 0.300399	 0.231859
2	 15	 7	 0.4771	 0.567557	 0.429292	 0.2657	 0.317826	 0.238922
2	 15	 8	 0.4838	 0.575931	 0.434738	 0.2615	 0.310632	 0.235867
2	 15	 9	 0.4803	 0.577564	 0.426772	 0.2669	 0.322760	 0.236745
2	 15	 10	 0.4820	 0.577715	 0.429328	 0.2630	 0.315858	 0.234713
2	 15	 11	 0.4744	 0.569543	 0.424430	 0.2604	 0.316219	 0.231779
2	 15	 12	 0.4889	 0.588244	 0.434894	 0.2591	 0.311555	 0.231068
2	 15	 13	 0.4810	 0.572388	 0.432194	 0.2612	 0.310971	 0.234981
2	 15	 14	 0.4878	 0.590570	 0.431075	 0.2593	 0.314196	 0.229465
2	 15	 15	 0.4718	 0.576576	 0.414365	 0.2650	 0.325481	 0.232996
2	 15	 16	 0.4716	 0.579186	 0.413488	 0.2640	 0.324679	 0.232050
2	 16	 4	 0.4786	 0.568615	 0.433071	 0.2611	 0.313005	 0.235107
2	 16	 5	 0.4744	 0.560578	 0.430093	 0.2477	 0.293822	 0.223964
2	 16	 6	 0.4703	 0.560103	 0.421561	 0.2623	 0.312881	 0.235100
2	 16	 7	 0.4862	 0.581309	 0.434260	 0.2591	 0.311615	 0.230716
2	 16	 8	 0.4869	 0.581036	 0.436461	 0.2588	 0.309104	 0.232495
2	 16	 9	 0.4823	 0.578573	 0.429386	 0.2572	 0.309731	 0.228129
2	 16	 10	 0.4678	 0.567328	 0.415081	 0.2580	 0.314427	 0.228194
2	 16	 11	 0.4730	 0.575560	 0.415029	 0.2570	 0.314280	 0.225358
2	 16	 12	 0.4890	 0.596221	 0.428710	 0.2653	 0.323186	 0.233462
2	 16	 13	 0.4746	 0.580796	 0.417749	 0.2551	 0.314461	 0.223935
2	 16	 14	 0.4702	 0.579823	 0.410582	 0.2597	 0.321372	 0.226902
2	 16	 15	 0.4863	 0.600939	 0.423815	 0.2623	 0.326068	 0.228476
2	 16	 16	 0.4810	 0.601751	 0.415706	 0.2669	 0.336248	 0.230330
3	 4	 4	 0.4431	 0.329691	 0.771822	 0.1872	 0.137885	 0.332004
3	 4	 5	 0.4442	 0.332244	 0.748990	 0.2186	 0.163054	 0.372217
3	 4	 6	 0.4696	 0.366876	 0.722832	 0.2048	 0.160353	 0.315452
3	 4	 7	 0.4734	 0.377483	 0.689284	 0.2245	 0.178211	 0.330280
3	 4	 8	 0.4780	 0.396979	 0.648980	 0.2161	 0.179569	 0.293955
3	 4	 9	 0.4823	 0.411253	 0.637310	 0.2343	 0.199568	 0.310519
3	 4	 10	 0.4728	 0.411600	 0.610044	 0.2151	 0.187888	 0.277254
3	 4	 11	 0.4730	 0.415176	 0.610350	 0.2204	 0.193470	 0.285021
3	 4	 12	 0.4537	 0.404952	 0.568740	 0.2155	 0.191954	 0.272663
3	 4	 13	 0.4584	 0.412431	 0.566069	 0.2336	 0.209241	 0.289811
3	 4	 14	 0.4547	 0.423194	 0.534903	 0.2304	 0.215578	 0.271624
3	 4	 15	 0.4552	 0.437211	 0.516555	 0.2458	 0.237590	 0.277961
3	 4	 16	 0.4452	 0.429354	 0.500908	 0.2331	 0.226339	 0.261197
3	 5	 4	 0.4465	 0.341150	 0.716904	 0.2094	 0.159177	 0.341140
3	 5	 5	 0.4414	 0.340724	 0.695009	 0.2359	 0.181767	 0.373975
3	 5	 6	 0.4701	 0.371315	 0.700046	 0.2169	 0.171929	 0.323370
3	 5	 7	 0.4730	 0.390339	 0.651879	 0.2658	 0.219831	 0.367607
3	 5	 8	 0.4829	 0.415942	 0.623591	 0.2328	 0.201252	 0.300618
3	 5	 9	 0.4769	 0.416723	 0.604194	 0.2591	 0.225623	 0.332161
3	 5	 10	 0.4730	 0.421860	 0.583144	 0.2376	 0.213060	 0.292544
3	 5	 11	 0.4672	 0.423004	 0.565871	 0.2540	 0.231064	 0.307470
3	 5	 12	 0.4780	 0.434712	 0.569201	 0.2338	 0.212874	 0.278813
3	 5	 13	 0.4580	 0.424786	 0.536900	 0.2508	 0.230532	 0.299048
3	 5	 14	 0.4730	 0.453401	 0.535431	 0.2456	 0.235873	 0.277098
3	 5	 15	 0.4561	 0.435211	 0.516369	 0.2482	 0.236984	 0.282892
3	 5	 16	 0.4632	 0.450164	 0.513381	 0.2418	 0.235416	 0.267223
3	 6	 4	 0.4835	 0.386875	 0.703223	 0.2206	 0.176260	 0.321552
3	 6	 5	 0.4761	 0.386273	 0.673039	 0.2257	 0.182562	 0.322708
3	 6	 6	 0.4837	 0.398221	 0.670914	 0.2153	 0.176191	 0.300789
3	 6	 7	 0.4933	 0.415184	 0.654589	 0.2481	 0.208617	 0.330632
3	 6	 8	 0.5054	 0.440505	 0.642548	 0.2319	 0.203588	 0.293270
3	 6	 9	 0.4986	 0.441483	 0.616086	 0.2452	 0.216977	 0.304244
3	 6	 10	 0.4907	 0.441876	 0.600840	 0.2293	 0.206415	 0.280360
3	 6	 11	 0.4855	 0.443747	 0.574235	 0.2455	 0.224588	 0.289918
3	 6	 12	 0.4710	 0.434053	 0.550586	 0.2375	 0.218827	 0.277309
3	 6	 13	 0.4761	 0.454447	 0.537976	 0.2577	 0.246000	 0.290806
3	 6	 14	 0.4667	 0.451457	 0.517144	 0.2290	 0.221848	 0.253683
3	 6	 15	 0.4796	 0.470271	 0.521143	 0.2563	 0.251094	 0.279768
3	 6	 16	 0.4837	 0.487020	 0.508107	 0.2374	 0.239293	 0.250773
3	 7	 4	 0.4918	 0.410341	 0.664521	 0.2312	 0.192678	 0.314047
3	 7	 5	 0.4914	 0.412483	 0.656770	 0.2482	 0.207733	 0.335489
3	 7	 6	 0.5000	 0.431594	 0.648193	 0.2335	 0.201694	 0.303759
3	 7	 7	 0.4885	 0.417747	 0.631354	 0.2522	 0.214639	 0.330360
3	 7	 8	 0.5136	 0.459326	 0.626180	 0.2456	 0.219892	 0.299661
3	 7	 9	 0.4866	 0.436107	 0.594893	 0.2414	 0.214997	 0.299961
3	 7	 10	 0.4901	 0.450556	 0.579171	 0.2258	 0.206209	 0.270576
3	 7	 11	 0.4959	 0.465683	 0.570264	 0.2639	 0.248921	 0.304482
3	 7	 12	 0.5039	 0.478071	 0.572782	 0.2499	 0.237573	 0.286199
3	 7	 13	 0.4891	 0.474984	 0.534644	 0.2650	 0.255216	 0.292609
3	 7	 14	 0.4881	 0.473192	 0.537580	 0.2533	 0.246282	 0.279968
3	 7	 15	 0.4794	 0.480408	 0.508831	 0.2589	 0.259414	 0.275851
3	 7	 16	 0.4889	 0.503090	 0.503248	 0.2619	 0.270569	 0.269233
3	 8	 4	 0.5039	 0.443088	 0.633972	 0.2378	 0.208856	 0.300961
3	 8	 5	 0.5084	 0.445378	 0.637141	 0.2367	 0.208359	 0.295672
3	 8	 6	 0.5142	 0.458942	 0.630808	 0.2406	 0.214806	 0.295226
3	 8	 7	 0.5146	 0.453681	 0.636240	 0.2411	 0.212671	 0.298031
3	 8	 8	 0.5024	 0.456555	 0.605650	 0.2364	 0.213081	 0.288567
3	 8	 9	 0.5060	 0.465082	 0.593939	 0.2463	 0.225279	 0.291482
3	 8	 10	 0.5157	 0.479058	 0.597754	 0.2470	 0.228908	 0.286831
3	 8	 11	 0.5080	 0.476749	 0.578611	 0.2542	 0.238765	 0.290005
3	 8	 12	 0.5051	 0.492435	 0.553562	 0.2421	 0.236123	 0.266079
3	 8	 13	 0.5114	 0.503410	 0.555263	 0.2568	 0.253220	 0.279158
3	 8	 14	 0.5154	 0.506262	 0.552488	 0.2526	 0.249117	 0.269718
3	 8	 15	 0.4992	 0.504261	 0.524895	 0.2575	 0.260391	 0.271618
3	 8	 16	 0.4926	 0.513476	 0.501248	 0.2528	 0.264024	 0.256982
3	 9	 4	 0.5070	 0.450334	 0.623592	 0.2386	 0.211058	 0.295139
3	 9	 5	 0.4980	 0.446653	 0.604747	 0.2350	 0.212107	 0.286404
3	 9	 6	 0.5082	 0.465175	 0.599683	 0.2359	 0.216036	 0.278499
3	 9	 7	 0.5144	 0.482239	 0.594820	 0.2499	 0.234958	 0.290147
3	 9	 8	 0.5130	 0.480852	 0.593872	 0.2473	 0.231641	 0.286422
3	 9	 9	 0.4964	 0.469024	 0.568725	 0.2499	 0.235559	 0.288253
3	 9	 10	 0.5060	 0.482665	 0.569454	 0.2477	 0.238520	 0.276885
3	 9	 11	 0.4954	 0.482650	 0.545281	 0.2409	 0.232587	 0.269283
3	 9	 12	 0.5086	 0.495752	 0.549581	 0.2471	 0.240115	 0.267550
3	 9	 13	 0.5011	 0.495746	 0.539128	 0.2562	 0.252104	 0.277724
3	 9	 14	 0.5094	 0.523552	 0.528682	 0.2585	 0.266542	 0.267877
3	 9	 15	 0.5031	 0.518987	 0.516865	 0.2644	 0.272963	 0.272607
3	 9	 16	 0.4929	 0.519564	 0.498029	 0.2585	 0.272467	 0.261980
3	 10	 4	 0.4950	 0.445700	 0.596396	 0.2289	 0.205299	 0.277511
3	 10	 5	 0.5036	 0.468647	 0.586117	 0.2490	 0.232879	 0.289089
3	 10	 6	 0.5042	 0.463269	 0.589028	 0.2362	 0.218290	 0.275019
3	 10	 7	 0.5084	 0.478343	 0.579389	 0.2490	 0.233784	 0.285449
3	 10	 8	 0.5042	 0.485366	 0.563153	 0.2420	 0.234056	 0.270356
3	 10	 9	 0.5192	 0.505651	 0.571273	 0.2539	 0.248208	 0.279575
3	 10	 10	 0.5195	 0.502375	 0.570136	 0.2424	 0.233788	 0.267444
3	 10	 11	 0.5096	 0.499518	 0.558106	 0.2512	 0.247499	 0.274511
3	 10	 12	 0.5115	 0.509896	 0.543385	 0.2461	 0.245002	 0.262015
3	 10	 13	 0.5028	 0.499949	 0.536603	 0.2584	 0.257915	 0.275899
3	 10	 14	 0.5067	 0.515547	 0.527504	 0.2512	 0.256478	 0.261540
3	 10	 15	 0.5048	 0.519365	 0.518798	 0.2585	 0.268102	 0.265042
3	 10	 16	 0.4991	 0.526068	 0.499094	 0.2545	 0.268726	 0.255329
3	 11	 4	 0.5028	 0.469992	 0.579977	 0.2381	 0.223788	 0.273821
3	 11	 5	 0.5062	 0.475477	 0.578707	 0.2391	 0.223591	 0.276995
3	 11	 6	 0.5094	 0.486735	 0.566390	 0.2466	 0.236838	 0.274042
3	 11	 7	 0.5029	 0.480940	 0.561124	 0.2461	 0.235104	 0.277720
3	 11	 8	 0.5055	 0.494001	 0.553116	 0.2512	 0.246416	 0.274498
3	 11	 9	 0.5015	 0.492864	 0.547075	 0.2436	 0.240130	 0.266396
3	 11	 10	 0.5165	 0.507553	 0.559921	 0.2546	 0.250407	 0.277705
3	 11	 11	 0.5008	 0.489926	 0.540138	 0.2497	 0.242758	 0.272394
3	 11	 12	 0.5074	 0.504626	 0.539200	 0.2533	 0.251774	 0.270115
3	 11	 13	 0.5000	 0.507441	 0.524616	 0.2572	 0.261696	 0.270948
3	 11	 14	 0.5114	 0.523506	 0.528185	 0.2596	 0.266410	 0.268112
3	 11	 15	 0.4935	 0.510696	 0.503710	 0.2571	 0.267799	 0.262904
3	 11	 16	 0.4977	 0.522189	 0.498567	 0.2569	 0.269280	 0.258309
3	 12	 4	 0.4996	 0.476918	 0.565696	 0.2344	 0.225322	 0.265374
3	 12	 5	 0.5039	 0.484219	 0.558757	 0.2467	 0.237193	 0.274308
3	 12	 6	 0.5112	 0.497647	 0.563914	 0.2440	 0.240170	 0.268395
3	 12	 7	 0.5092	 0.496706	 0.557053	 0.2463	 0.240416	 0.270581
3	 12	 8	 0.5089	 0.500656	 0.547092	 0.2490	 0.246538	 0.266299
3	 12	 9	 0.4984	 0.490633	 0.535719	 0.2516	 0.247707	 0.271216
3	 12	 10	 0.5010	 0.493925	 0.537405	 0.2431	 0.239045	 0.261773
3	 12	 11	 0.5052	 0.506569	 0.530996	 0.2486	 0.249428	 0.262230
3	 12	 12	 0.5012	 0.511648	 0.518391	 0.2526	 0.259914	 0.260233
3	 12	 13	 0.4997	 0.517319	 0.512233	 0.2546	 0.262361	 0.262768
3	 12	 14	 0.5005	 0.515811	 0.513724	 0.2452	 0.254621	 0.250866
3	 12	 15	 0.5005	 0.526187	 0.503946	 0.2534	 0.267146	 0.255082
3	 12	 16	 0.4879	 0.512383	 0.490918	 0.2505	 0.264011	 0.251839
3	 13	 4	 0.4833	 0.468434	 0.533750	 0.2545	 0.247342	 0.281600
3	 13	 5	 0.4928	 0.486379	 0.532277	 0.2525	 0.249917	 0.274139
3	 13	 6	 0.4962	 0.491914	 0.537996	 0.2521	 0.251317	 0.273408
3	 13	 7	 0.5071	 0.509166	 0.535031	 0.2591	 0.259537	 0.275669
3	 13	 8	 0.5011	 0.503607	 0.526975	 0.2543	 0.256613	 0.266903
3	 13	 9	 0.5056	 0.514288	 0.522242	 0.2537	 0.258649	 0.262789
3	 13	 10	 0.4952	 0.504836	 0.512742	 0.2563	 0.261681	 0.265780
3	 13	 11	 0.4999	 0.515019	 0.513243	 0.2579	 0.265241	 0.266675
3	 13	 12	 0.5113	 0.534457	 0.516326	 0.2611	 0.272641	 0.264242
3	 13	 13	 0.4981	 0.515278	 0.507626	 0.2515	 0.260194	 0.258085
3	 13	 14	 0.4977	 0.522510	 0.499943	 0.2656	 0.280022	 0.266291
3	 13	 15	 0.4899	 0.518063	 0.488409	 0.2646	 0.279592	 0.264692
3	 13	 16	 0.4812	 0.511446	 0.479846	 0.2461	 0.263047	 0.245026
3	 14	 4	 0.4733	 0.468373	 0.512974	 0.2363	 0.234784	 0.255226
3	 14	 5	 0.4883	 0.490965	 0.516951	 0.2479	 0.248285	 0.263845
3	 14	 6	 0.4959	 0.499230	 0.525086	 0.2472	 0.250646	 0.259865
3	 14	 7	 0.4914	 0.495558	 0.519233	 0.2432	 0.245820	 0.257535
3	 14	 8	 0.4997	 0.514326	 0.515863	 0.2462	 0.254888	 0.253128
3	 14	 9	 0.4958	 0.516728	 0.504792	 0.2439	 0.255480	 0.247144
3	 14	 10	 0.4970	 0.519535	 0.501924	 0.2509	 0.262926	 0.252544
3	 14	 11	 0.4964	 0.515365	 0.503708	 0.2501	 0.260384	 0.254094
3	 14	 12	 0.5002	 0.526100	 0.503947	 0.2532	 0.267913	 0.254395
3	 14	 13	 0.4943	 0.523519	 0.494875	 0.2553	 0.269220	 0.257365
3	 14	 14	 0.4902	 0.525635	 0.485154	 0.2489	 0.266691	 0.246315
3	 14	 15	 0.5053	 0.537899	 0.501128	 0.2590	 0.277662	 0.256037
3	 14	 16	 0.4853	 0.526064	 0.474457	 0.2483	 0.271207	 0.241391
3	 15	 4	 0.4729	 0.479026	 0.497352	 0.2367	 0.241981	 0.247258
3	 15	 5	 0.4790	 0.491660	 0.497937	 0.2475	 0.255050	 0.257673
3	 15	 6	 0.4908	 0.503908	 0.509877	 0.2477	 0.254313	 0.257613
3	 15	 7	 0.4788	 0.499127	 0.487193	 0.2478	 0.259658	 0.252508
3	 15	 8	 0.4897	 0.505378	 0.499316	 0.2505	 0.260054	 0.254414
3	 15	 9	 0.4775	 0.505320	 0.478837	 0.2534	 0.269392	 0.254148
3	 15	 10	 0.4925	 0.517390	 0.492556	 0.2439	 0.256896	 0.243845
3	 15	 11	 0.4910	 0.514477	 0.493554	 0.2532	 0.267083	 0.253619
3	 15	 12	 0.5015	 0.538650	 0.492655	 0.2536	 0.274427	 0.247999
3	 15	 13	 0.4873	 0.521888	 0.483659	 0.2556	 0.275754	 0.252586
3	 15	 14	 0.4825	 0.530170	 0.465663	 0.2519	 0.277978	 0.243006
3	 15	 15	 0.4893	 0.529121	 0.475638	 0.2543	 0.276905	 0.246287
3	 15	 16	 0.4870	 0.532989	 0.470496	 0.2628	 0.290001	 0.252318
3	 16	 4	 0.4807	 0.492174	 0.497685	 0.2423	 0.250656	 0.248588
3	 16	 5	 0.4837	 0.500851	 0.497907	 0.2422	 0.252384	 0.247923
3	 16	 6	 0.4803	 0.503819	 0.484812	 0.2396	 0.253242	 0.240407
3	 16	 7	 0.4914	 0.511105	 0.499233	 0.2422	 0.252467	 0.245821
3	 16	 8	 0.4935	 0.520346	 0.492934	 0.2477	 0.261809	 0.246752
3	 16	 9	 0.4824	 0.521463	 0.473475	 0.2492	 0.271469	 0.242452
3	 16	 10	 0.5013	 0.535802	 0.494397	 0.2557	 0.273549	 0.251718
3	 16	 11	 0.4850	 0.523403	 0.475986	 0.2521	 0.274489	 0.245555
3	 16	 12	 0.5035	 0.542979	 0.490404	 0.2533	 0.274173	 0.245997
3	 16	 13	 0.4990	 0.544563	 0.480689	 0.2503	 0.274084	 0.240480
3	 16	 14	 0.4844	 0.534973	 0.463383	 0.2579	 0.284499	 0.247157
3	 16	 15	 0.4882	 0.533715	 0.472887	 0.2548	 0.280729	 0.244969
3	 16	 16	 0.4921	 0.542465	 0.471668	 0.2449	 0.270869	 0.234696
4	 4	 4	 0.4064	 0.279361	 0.824517	 0.1753	 0.120456	 0.357353
4	 4	 5	 0.4265	 0.303000	 0.804743	 0.2110	 0.149094	 0.403934
4	 4	 6	 0.4416	 0.321477	 0.774224	 0.1898	 0.137810	 0.336749
4	 4	 7	 0.4646	 0.347366	 0.761930	 0.2153	 0.160774	 0.355168
4	 4	 8	 0.4665	 0.360025	 0.711562	 0.1996	 0.154507	 0.302813
4	 4	 9	 0.4739	 0.373905	 0.698776	 0.2220	 0.174158	 0.330442
4	 4	 10	 0.4653	 0.372131	 0.677505	 0.2078	 0.167029	 0.302227
4	 4	 11	 0.4619	 0.368875	 0.686977	 0.2180	 0.172674	 0.328341
4	 4	 12	 0.4590	 0.376435	 0.647310	 0.2086	 0.169468	 0.300050
4	 4	 13	 0.4631	 0.381310	 0.636983	 0.2230	 0.183323	 0.307957
4	 4	 14	 0.4606	 0.394339	 0.607123	 0.2260	 0.196339	 0.293936
4	 4	 15	 0.4533	 0.389724	 0.586189	 0.2214	 0.189485	 0.288748
4	 4	 16	 0.4601	 0.411734	 0.570262	 0.2145	 0.192616	 0.266356
4	 5	 4	 0.4350	 0.314359	 0.782569	 0.2077	 0.149930	 0.375813
4	 5	 5	 0.4306	 0.312380	 0.760243	 0.2317	 0.167632	 0.412940
4	 5	 6	 0.4555	 0.339982	 0.756071	 0.2027	 0.150500	 0.342209
4	 5	 7	 0.4590	 0.345667	 0.738688	 0.2373	 0.178248	 0.387849
4	 5	 8	 0.4855	 0.384787	 0.708057	 0.2209	 0.175802	 0.321750
4	 5	 9	 0.4716	 0.377948	 0.671748	 0.2386	 0.190555	 0.343512
4	 5	 10	 0.4734	 0.384460	 0.664778	 0.2367	 0.192959	 0.331163
4	 5	 11	 0.4601	 0.376007	 0.639649	 0.2316	 0.187520	 0.327292
4	 5	 12	 0.4733	 0.395752	 0.635151	 0.2259	 0.189187	 0.303388
4	 5	 13	 0.4518	 0.388343	 0.589741	 0.2359	 0.202925	 0.308351
4	 5	 14	 0.4636	 0.408156	 0.585263	 0.2319	 0.206133	 0.289288
4	 5	 15	 0.4432	 0.385045	 0.563143	 0.2312	 0.201411	 0.295164
4	 5	 16	 0.4727	 0.428042	 0.567357	 0.2399	 0.219506	 0.285401
4	 6	 4	 0.4557	 0.338746	 0.758652	 0.2065	 0.153258	 0.346384
4	 6	 5	 0.4642	 0.350362	 0.743601	 0.2207	 0.166393	 0.356411
4	 6	 6	 0.4668	 0.355518	 0.733774	 0.2080	 0.157557	 0.331399
4	 6	 7	 0.4786	 0.375123	 0.717090	 0.2293	 0.179264	 0.347034
4	 6	 8	 0.4978	 0.401990	 0.706226	 0.2199	 0.178609	 0.309748
4	 6	 9	 0.4810	 0.396596	 0.660380	 0.2333	 0.191564	 0.324140
4	 6	 10	 0.4805	 0.396191	 0.660793	 0.2200	 0.180858	 0.304182
4	 6	 11	 0.4833	 0.404258	 0.646639	 0.2337	 0.195598	 0.313049
4	 6	 12	 0.4827	 0.414264	 0.618418	 0.2199	 0.187365	 0.282831
4	 6	 13	 0.4801	 0.414417	 0.613277	 0.2445	 0.210919	 0.313040
4	 6	 14	 0.4755	 0.418713	 0.589911	 0.2229	 0.197175	 0.275547
4	 6	 15	 0.4821	 0.440319	 0.568896	 0.2384	 0.218850	 0.280946
4	 6	 16	 0.4788	 0.443595	 0.553198	 0.2375	 0.220577	 0.273217
4	 7	 4	 0.4784	 0.369521	 0.735186	 0.2102	 0.161882	 0.326788
4	 7	 5	 0.4754	 0.369879	 0.717013	 0.2408	 0.186397	 0.368680
4	 7	 6	 0.4819	 0.382847	 0.703812	 0.2248	 0.178682	 0.328563
4	 7	 7	 0.4862	 0.384650	 0.709438	 0.2326	 0.183286	 0.343980
4	 7	 8	 0.4868	 0.397273	 0.675698	 0.2231	 0.181779	 0.309515
4	 7	 9	 0.4899	 0.405838	 0.661660	 0.2410	 0.199842	 0.326093
4	 7	 10	 0.4970	 0.420301	 0.649623	 0.2393	 0.202666	 0.311512
4	 7	 11	 0.4862	 0.417048	 0.627464	 0.2418	 0.208059	 0.312813
4	 7	 12	 0.4988	 0.441824	 0.613944	 0.2389	 0.210736	 0.297012
4	 7	 13	 0.4856	 0.437169	 0.589068	 0.2540	 0.228620	 0.309606
4	 7	 14	 0.4963	 0.454711	 0.585144	 0.2497	 0.228073	 0.296394
4	 7	 15	 0.4811	 0.444343	 0.560816	 0.2444	 0.224396	 0.287817
4	 7	 16	 0.4938	 0.470491	 0.554285	 0.2526	 0.241397	 0.284401
4	 8	 4	 0.4982	 0.399569	 0.714628	 0.2165	 0.172136	 0.314839
4	 8	 5	 0.4966	 0.402345	 0.698361	 0.2266	 0.183327	 0.321743
4	 8	 6	 0.5089	 0.417285	 0.697977	 0.2311	 0.189270	 0.318794
4	 8	 7	 0.5010	 0.414173	 0.677737	 0.2261	 0.187083	 0.307442
4	 8	 8	 0.5138	 0.431330	 0.679409	 0.2330	 0.196359	 0.306157
4	 8	 9	 0.5074	 0.430059	 0.662541	 0.2331	 0.198177	 0.305430
4	 8	 10	 0.4990	 0.429357	 0.634449	 0.2345	 0.201867	 0.298842
4	 8	 11	 0.5107	 0.448286	 0.635662	 0.2394	 0.210910	 0.297675
4	 8	 12	 0.5058	 0.447831	 0.622273	 0.2306	 0.204919	 0.283673
4	 8	 13	 0.5017	 0.452124	 0.601726	 0.2392	 0.216549	 0.287142
4	 8	 14	 0.4977	 0.454175	 0.583850	 0.2353	 0.216872	 0.274147
4	 8	 15	 0.5098	 0.477150	 0.583854	 0.2435	 0.227005	 0.282949
4	 8	 16	 0.5092	 0.483931	 0.569271	 0.2404	 0.229537	 0.268534
4	 9	 4	 0.5011	 0.413827	 0.686053	 0.2193	 0.180756	 0.302659
4	 9	 5	 0.4914	 0.409037	 0.663528	 0.2309	 0.191321	 0.314812
4	 9	 6	 0.4870	 0.404149	 0.657861	 0.2254	 0.186313	 0.306186
4	 9	 7	 0.4969	 0.418889	 0.654202	 0.2287	 0.192057	 0.302241
4	 9	 8	 0.5089	 0.436709	 0.651734	 0.2281	 0.196122	 0.292994
4	 9	 9	 0.5000	 0.428503	 0.638928	 0.2404	 0.204385	 0.312018
4	 9	 10	 0.4949	 0.430906	 0.624871	 0.2335	 0.203182	 0.297862
4	 9	 11	 0.4974	 0.437358	 0.612696	 0.2281	 0.199773	 0.283873
4	 9	 12	 0.4948	 0.439656	 0.600675	 0.2332	 0.208230	 0.281807
4	 9	 13	 0.4982	 0.453147	 0.586891	 0.2435	 0.220972	 0.288275
4	 9	 14	 0.5050	 0.466369	 0.579320	 0.2380	 0.219646	 0.273909
4	 9	 15	 0.4851	 0.453070	 0.552481	 0.2397	 0.223219	 0.274933
4	 9	 16	 0.5015	 0.480012	 0.554511	 0.2350	 0.224918	 0.261246
4	 10	 4	 0.4989	 0.420131	 0.663766	 0.2241	 0.188181	 0.300290
4	 10	 5	 0.5006	 0.423078	 0.656184	 0.2260	 0.191030	 0.297731
4	 10	 6	 0.5072	 0.431452	 0.654893	 0.2322	 0.196706	 0.302592
4	 10	 7	 0.5010	 0.434014	 0.633364	 0.2295	 0.198253	 0.292699
4	 10	 8	 0.5166	 0.449522	 0.647023	 0.2305	 0.201098	 0.287696
4	 10	 9	 0.5237	 0.458337	 0.647420	 0.2420	 0.212995	 0.298803
4	 10	 10	 0.5036	 0.445669	 0.614289	 0.2281	 0.201897	 0.277855
4	 10	 11	 0.5117	 0.458924	 0.615184	 0.2314	 0.208148	 0.278277
4	 10	 12	 0.5053	 0.458639	 0.601374	 0.2356	 0.213599	 0.280841
4	 10	 13	 0.5112	 0.467443	 0.595975	 0.2377	 0.219293	 0.274359
4	 10	 14	 0.4966	 0.469069	 0.562709	 0.2416	 0.228537	 0.273969
4	 10	 15	 0.5030	 0.474666	 0.564558	 0.2375	 0.224180	 0.267202
4	 10	 16	 0.4945	 0.473557	 0.546753	 0.2427	 0.232092	 0.268785
4	 11	 4	 0.4893	 0.417165	 0.638255	 0.2208	 0.187348	 0.291832
4	 11	 5	 0.4957	 0.425876	 0.636543	 0.2335	 0.199682	 0.303929
4	 11	 6	 0.5001	 0.433766	 0.632243	 0.2281	 0.197120	 0.291206
4	 11	 7	 0.4992	 0.444606	 0.613126	 0.2293	 0.203153	 0.286297
4	 11	 8	 0.5157	 0.458611	 0.627598	 0.2378	 0.211039	 0.291906
4	 11	 9	 0.4959	 0.443708	 0.600944	 0.2352	 0.210590	 0.286568
4	 11	 10	 0.5035	 0.450891	 0.602946	 0.2364	 0.211244	 0.283758
4	 11	 11	 0.4926	 0.443815	 0.588190	 0.2348	 0.210919	 0.283850
4	 11	 12	 0.4905	 0.450420	 0.569150	 0.2353	 0.216887	 0.272319
4	 11	 13	 0.4958	 0.466459	 0.566990	 0.2379	 0.223913	 0.274320
4	 11	 14	 0.4985	 0.467921	 0.565320	 0.2443	 0.230354	 0.275436
4	 11	 15	 0.5023	 0.478780	 0.556562	 0.2446	 0.232333	 0.273913
4	 11	 16	 0.5112	 0.500721	 0.551345	 0.2482	 0.243863	 0.267604
4	 12	 4	 0.4929	 0.430830	 0.619952	 0.2271	 0.199493	 0.284762
4	 12	 5	 0.4888	 0.428573	 0.609753	 0.2293	 0.201564	 0.286337
4	 12	 6	 0.5088	 0.447794	 0.625566	 0.2314	 0.204944	 0.283594
4	 12	 7	 0.5035	 0.454253	 0.600982	 0.2374	 0.214427	 0.285155
4	 12	 8	 0.5058	 0.455728	 0.601898	 0.2381	 0.214804	 0.282857
4	 12	 9	 0.5064	 0.460918	 0.596354	 0.2381	 0.217231	 0.280730
4	 12	 10	 0.5059	 0.465937	 0.585404	 0.2393	 0.220513	 0.277476
4	 12	 11	 0.5045	 0.465466	 0.581405	 0.2325	 0.212895	 0.271419
4	 12	 12	 0.5055	 0.476039	 0.569419	 0.2457	 0.230571	 0.277830
4	 12	 13	 0.5139	 0.487601	 0.575790	 0.2452	 0.232264	 0.275632
4	 12	 14	 0.4887	 0.463898	 0.548083	 0.2483	 0.236695	 0.277756
4	 12	 15	 0.4976	 0.481524	 0.544651	 0.2493	 0.240399	 0.273776
4	 12	 16	 0.4992	 0.482857	 0.543175	 0.2354	 0.228481	 0.255351
4	 13	 4	 0.4853	 0.430106	 0.595543	 0.2359	 0.208942	 0.290777
4	 13	 5	 0.4830	 0.431267	 0.590860	 0.2329	 0.207637	 0.288194
4	 13	 6	 0.4826	 0.436429	 0.577122	 0.2367	 0.213665	 0.284695
4	 13	 7	 0.5024	 0.461677	 0.582140	 0.2528	 0.232156	 0.293550
4	 13	 8	 0.5040	 0.461183	 0.584820	 0.2349	 0.213974	 0.274864
4	 13	 9	 0.4958	 0.460896	 0.569065	 0.2449	 0.225853	 0.285795
4	 13	 10	 0.4921	 0.460636	 0.557541	 0.2430	 0.227816	 0.277170
4	 13	 11	 0.4888	 0.457305	 0.549185	 0.2383	 0.221097	 0.270879
4	 13	 12	 0.4922	 0.467555	 0.550733	 0.2349	 0.223366	 0.263544
4	 13	 13	 0.4904	 0.468979	 0.543215	 0.2401	 0.228855	 0.268339
4	 13	 14	 0.4880	 0.475524	 0.528387	 0.2352	 0.232108	 0.252247
4	 13	 15	 0.4881	 0.474258	 0.532510	 0.2441	 0.235398	 0.270192
4	 13	 16	 0.4977	 0.490856	 0.530493	 0.2546	 0.251361	 0.271475
4	 14	 4	 0.5014	 0.451354	 0.601917	 0.2324	 0.209827	 0.278321
4	 14	 5	 0.4825	 0.436889	 0.574105	 0.2214	 0.200102	 0.265155
4	 14	 6	 0.4858	 0.445884	 0.568303	 0.2384	 0.220549	 0.276851
4	 14	 7	 0.4923	 0.458807	 0.563915	 0.2349	 0.218046	 0.271641
4	 14	 8	 0.4834	 0.445361	 0.558151	 0.2262	 0.208761	 0.261174
4	 14	 9	 0.5046	 0.478557	 0.565353	 0.2435	 0.230254	 0.273993
4	 14	 10	 0.4874	 0.461138	 0.546552	 0.2332	 0.220989	 0.262247
4	 14	 11	 0.4945	 0.475835	 0.543136	 0.2339	 0.225757	 0.256939
4	 14	 12	 0.4921	 0.474130	 0.540993	 0.2339	 0.225546	 0.256555
4	 14	 13	 0.4876	 0.474336	 0.530396	 0.2409	 0.235353	 0.261688
4	 14	 14	 0.4953	 0.485218	 0.535644	 0.2410	 0.236248	 0.261218
4	 14	 15	 0.4993	 0.496148	 0.528705	 0.2563	 0.254621	 0.272169
4	 14	 16	 0.4864	 0.481071	 0.517571	 0.2431	 0.240798	 0.258713
4	 15	 4	 0.4785	 0.441153	 0.560866	 0.2253	 0.209238	 0.262004
4	 15	 5	 0.4726	 0.441959	 0.542452	 0.2325	 0.218162	 0.268014
4	 15	 6	 0.4877	 0.462267	 0.548192	 0.2333	 0.220940	 0.262609
4	 15	 7	 0.4829	 0.457485	 0.543856	 0.2288	 0.215778	 0.260243
4	 15	 8	 0.4831	 0.465297	 0.532883	 0.2241	 0.215702	 0.248724
4	 15	 9	 0.4820	 0.466535	 0.531559	 0.2362	 0.230800	 0.258478
4	 15	 10	 0.4926	 0.481510	 0.531633	 0.2398	 0.234071	 0.259961
4	 15	 11	 0.4907	 0.477370	 0.532390	 0.2376	 0.230164	 0.260167
4	 15	 12	 0.4770	 0.461946	 0.519396	 0.2242	 0.218232	 0.243263
4	 15	 13	 0.4698	 0.465333	 0.498438	 0.2400	 0.236646	 0.256352
4	 15	 14	 0.4925	 0.486376	 0.524381	 0.2438	 0.240825	 0.260375
4	 15	 15	 0.4805	 0.480255	 0.507633	 0.2397	 0.239579	 0.254055
4	 15	 16	 0.4792	 0.485270	 0.497986	 0.2361	 0.241078	 0.244370
4	 16	 4	 0.4853	 0.453303	 0.551907	 0.2351	 0.219760	 0.267135
4	 16	 5	 0.4860	 0.453409	 0.552923	 0.2328	 0.218278	 0.263657
4	 16	 6	 0.4910	 0.467241	 0.547287	 0.2375	 0.225743	 0.264931
4	 16	 7	 0.4788	 0.462221	 0.527479	 0.2307	 0.224109	 0.252067
4	 16	 8	 0.4859	 0.471058	 0.530329	 0.2424	 0.237612	 0.262454
4	 16	 9	 0.4820	 0.467706	 0.524282	 0.2293	 0.224681	 0.247717
4	 16	 10	 0.4956	 0.489152	 0.529922	 0.2363	 0.232564	 0.253966
4	 16	 11	 0.4959	 0.489323	 0.526017	 0.2432	 0.241922	 0.255636
4	 16	 12	 0.4994	 0.497572	 0.526971	 0.2391	 0.239178	 0.251192
4	 16	 13	 0.4976	 0.499584	 0.520816	 0.2465	 0.247446	 0.257798
4	 16	 14	 0.4919	 0.494835	 0.512168	 0.2376	 0.238651	 0.247791
4	 16	 15	 0.4890	 0.496224	 0.506064	 0.2444	 0.249258	 0.252399
4	 16	 16	 0.4781	 0.485600	 0.493665	 0.2394	 0.243242	 0.247402
5	 4	 4	 0.3982	 0.267654	 0.858242	 0.1708	 0.114304	 0.378170
5	 4	 5	 0.4086	 0.278340	 0.839604	 0.1988	 0.134766	 0.414837
5	 4	 6	 0.4269	 0.300358	 0.805537	 0.1807	 0.127219	 0.341830
5	 4	 7	 0.4579	 0.329339	 0.808786	 0.2151	 0.154382	 0.383608
5	 4	 8	 0.4555	 0.341494	 0.742918	 0.1983	 0.149044	 0.323395
5	 4	 9	 0.4518	 0.341706	 0.732202	 0.2087	 0.157836	 0.340440
5	 4	 10	 0.4451	 0.335838	 0.714707	 0.1880	 0.142267	 0.301901
5	 4	 11	 0.4311	 0.331949	 0.680890	 0.2094	 0.160767	 0.335749
5	 4	 12	 0.4433	 0.347748	 0.677279	 0.2037	 0.160266	 0.309932
5	 4	 13	 0.4483	 0.355293	 0.667836	 0.2085	 0.164876	 0.313724
5	 4	 14	 0.4415	 0.354873	 0.631627	 0.2037	 0.163946	 0.290907
5	 4	 15	 0.4490	 0.373494	 0.614179	 0.2185	 0.182533	 0.299103
5	 4	 16	 0.4572	 0.380461	 0.610663	 0.2125	 0.176541	 0.284801
5	 5	 4	 0.4109	 0.282429	 0.811916	 0.1951	 0.133705	 0.391288
5	 5	 5	 0.4203	 0.292467	 0.804727	 0.2092	 0.144955	 0.406884
5	 5	 6	 0.4343	 0.309125	 0.791357	 0.1984	 0.140701	 0.365883
5	 5	 7	 0.4460	 0.322954	 0.773068	 0.2197	 0.158376	 0.387198
5	 5	 8	 0.4610	 0.350154	 0.723831	 0.2095	 0.158472	 0.333803
5	 5	 9	 0.4449	 0.337878	 0.699008	 0.2289	 0.173171	 0.364047
5	 5	 10	 0.4697	 0.364128	 0.713317	 0.2171	 0.167610	 0.332033
5	 5	 11	 0.4712	 0.371924	 0.698896	 0.2325	 0.183212	 0.349747
5	 5	 12	 0.4640	 0.368218	 0.671161	 0.2181	 0.172459	 0.317892
5	 5	 13	 0.4434	 0.355640	 0.643264	 0.2194	 0.175520	 0.322765
5	 5	 14	 0.4538	 0.375258	 0.619986	 0.2191	 0.181072	 0.300870
5	 5	 15	 0.4451	 0.369236	 0.597587	 0.2289	 0.190160	 0.307800
5	 5	 16	 0.4553	 0.388503	 0.585499	 0.2248	 0.191530	 0.291141
5	 6	 4	 0.4392	 0.312524	 0.795190	 0.1880	 0.133438	 0.342616
5	 6	 5	 0.4508	 0.325142	 0.792380	 0.2101	 0.150834	 0.375878
5	 6	 6	 0.4516	 0.328916	 0.774210	 0.2012	 0.146517	 0.345053
5	 6	 7	 0.4658	 0.347230	 0.757722	 0.2180	 0.161674	 0.359893
5	 6	 8	 0.4808	 0.368241	 0.740864	 0.2047	 0.155632	 0.320424
5	 6	 9	 0.4716	 0.362514	 0.717138	 0.2140	 0.163677	 0.330486
5	 6	 10	 0.4703	 0.368854	 0.693745	 0.2133	 0.167220	 0.315694
5	 6	 11	 0.4730	 0.376778	 0.677992	 0.2241	 0.178725	 0.321920
5	 6	 12	 0.4650	 0.372889	 0.661448	 0.2177	 0.174220	 0.308949
5	 6	 13	 0.4754	 0.392794	 0.644578	 0.2362	 0.194930	 0.322590
5	 6	 14	 0.4696	 0.390490	 0.631654	 0.2102	 0.174720	 0.283907
5	 6	 15	 0.4724	 0.402867	 0.612119	 0.2231	 0.189607	 0.291291
5	 6	 16	 0.4662	 0.404328	 0.585916	 0.2320	 0.200961	 0.293173
5	 7	 4	 0.4692	 0.347391	 0.776056	 0.2024	 0.149261	 0.337932
5	 7	 5	 0.4614	 0.341875	 0.760093	 0.2282	 0.168609	 0.379547
5	 7	 6	 0.4680	 0.351257	 0.751561	 0.2080	 0.155439	 0.337932
5	 7	 7	 0.4724	 0.358228	 0.742934	 0.2267	 0.170560	 0.363505
5	 7	 8	 0.4846	 0.376306	 0.725617	 0.2174	 0.168097	 0.329385
5	 7	 9	 0.4735	 0.374726	 0.683933	 0.2304	 0.181088	 0.337754
5	 7	 10	 0.4851	 0.389082	 0.684413	 0.2165	 0.173796	 0.304710
5	 7	 11	 0.4853	 0.393669	 0.675266	 0.2337	 0.187983	 0.330990
5	 7	 12	 0.4903	 0.409838	 0.653606	 0.2310	 0.191884	 0.311422
5	 7	 13	 0.4848	 0.412013	 0.630403	 0.2355	 0.199975	 0.306838
5	 7	 14	 0.4852	 0.418057	 0.615296	 0.2333	 0.200520	 0.297692
5	 7	 15	 0.4766	 0.411655	 0.601875	 0.2385	 0.205252	 0.303971
5	 7	 16	 0.4872	 0.438135	 0.584350	 0.2419	 0.217902	 0.290737
5	 8	 4	 0.4790	 0.362845	 0.752369	 0.2071	 0.156798	 0.325121
5	 8	 5	 0.4885	 0.375159	 0.749200	 0.2221	 0.170032	 0.343896
5	 8	 6	 0.4904	 0.379523	 0.739708	 0.2082	 0.160436	 0.316931
5	 8	 7	 0.4959	 0.390604	 0.722986	 0.2185	 0.171788	 0.321312
5	 8	 8	 0.4952	 0.397301	 0.700930	 0.2150	 0.171259	 0.309135
5	 8	 9	 0.5028	 0.404825	 0.708055	 0.2198	 0.177186	 0.311084
5	 8	 10	 0.5029	 0.412704	 0.687326	 0.2281	 0.186647	 0.313691
5	 8	 11	 0.5016	 0.415436	 0.669964	 0.2252	 0.185498	 0.305029
5	 8	 12	 0.5026	 0.421314	 0.661100	 0.2195	 0.183381	 0.289974
5	 8	 13	 0.5004	 0.429605	 0.631724	 0.2337	 0.200175	 0.297601
5	 8	 14	 0.5116	 0.444908	 0.636709	 0.2338	 0.203311	 0.291708
5	 8	 15	 0.5003	 0.439235	 0.611104	 0.2356	 0.205744	 0.291248
5	 8	 16	 0.4962	 0.448685	 0.586141	 0.2378	 0.214186	 0.282002
5	 9	 4	 0.4768	 0.370344	 0.716999	 0.2146	 0.165468	 0.327604
5	 9	 5	 0.4760	 0.370556	 0.710305	 0.2096	 0.161753	 0.319564
5	 9	 6	 0.4905	 0.388814	 0.706860	 0.2187	 0.172855	 0.318205
5	 9	 7	 0.4835	 0.387233	 0.687568	 0.2242	 0.178734	 0.322735
5	 9	 8	 0.4914	 0.399059	 0.678108	 0.2190	 0.177981	 0.303248
5	 9	 9	 0.4988	 0.407874	 0.686175	 0.2293	 0.186655	 0.319738
5	 9	 10	 0.4890	 0.402742	 0.661250	 0.2204	 0.180556	 0.301254
5	 9	 11	 0.4874	 0.406797	 0.643344	 0.2301	 0.191276	 0.307623
5	 9	 12	 0.5020	 0.432393	 0.638310	 0.2285	 0.194320	 0.294967
5	 9	 13	 0.4806	 0.411235	 0.613354	 0.2234	 0.190774	 0.286802
5	 9	 14	 0.4938	 0.433821	 0.608024	 0.2289	 0.200129	 0.283268
5	 9	 15	 0.4881	 0.432884	 0.592136	 0.2463	 0.217433	 0.301766
5	 9	 16	 0.4972	 0.452239	 0.585529	 0.2316	 0.210642	 0.272887
5	 10	 4	 0.4803	 0.376894	 0.707424	 0.2132	 0.166436	 0.316995
5	 10	 5	 0.4785	 0.381234	 0.686244	 0.2163	 0.172266	 0.312452
5	 10	 6	 0.4944	 0.396864	 0.698104	 0.2143	 0.171616	 0.304487
5	 10	 7	 0.5024	 0.411839	 0.683796	 0.2197	 0.179487	 0.302138
5	 10	 8	 0.5060	 0.415941	 0.680651	 0.2186	 0.178269	 0.297412
5	 10	 9	 0.4998	 0.413823	 0.666489	 0.2220	 0.183370	 0.299125
5	 10	 10	 0.4925	 0.412617	 0.648192	 0.2136	 0.178302	 0.283475
5	 10	 11	 0.4937	 0.417897	 0.640437	 0.2218	 0.187008	 0.289428
5	 10	 12	 0.4859	 0.415234	 0.617351	 0.2278	 0.193502	 0.292730
5	 10	 13	 0.4903	 0.428364	 0.610000	 0.2322	 0.203149	 0.289399
5	 10	 14	 0.4857	 0.430336	 0.589521	 0.2285	 0.201808	 0.279402
5	 10	 15	 0.4971	 0.446592	 0.592579	 0.2409	 0.217415	 0.287365
5	 10	 16	 0.5011	 0.452463	 0.592727	 0.2355	 0.213100	 0.278162
5	 11	 4	 0.4808	 0.384263	 0.687509	 0.2202	 0.175845	 0.316022
5	 11	 5	 0.4874	 0.397826	 0.672601	 0.2225	 0.180422	 0.312523
5	 11	 6	 0.4916	 0.403486	 0.672612	 0.2178	 0.178540	 0.299379
5	 11	 7	 0.4863	 0.404745	 0.649388	 0.2271	 0.187394	 0.308448
5	 11	 8	 0.5023	 0.422658	 0.652250	 0.2296	 0.192364	 0.300387
5	 11	 9	 0.4963	 0.422804	 0.640748	 0.2193	 0.185747	 0.287671
5	 11	 10	 0.5034	 0.429929	 0.643584	 0.2166	 0.184928	 0.277308
5	 11	 11	 0.4886	 0.421027	 0.616386	 0.2226	 0.190979	 0.283510
5	 11	 12	 0.4968	 0.430450	 0.615676	 0.2269	 0.195863	 0.282917
5	 11	 13	 0.4933	 0.437152	 0.598158	 0.2286	 0.201311	 0.281066
5	 11	 14	 0.4964	 0.440524	 0.597099	 0.2364	 0.208379	 0.288159
5	 11	 15	 0.4874	 0.438542	 0.577669	 0.2299	 0.205298	 0.276483
5	 11	 16	 0.4952	 0.456538	 0.573625	 0.2328	 0.215221	 0.269618
5	 12	 4	 0.4879	 0.396688	 0.679613	 0.2121	 0.172014	 0.298087
5	 12	 5	 0.4853	 0.399934	 0.659847	 0.2186	 0.178931	 0.301498
5	 12	 6	 0.4955	 0.411268	 0.659094	 0.2272	 0.187070	 0.306053
5	 12	 7	 0.5082	 0.431043	 0.658411	 0.2263	 0.191806	 0.294748
5	 12	 8	 0.5014	 0.430674	 0.637459	 0.2204	 0.189427	 0.280218
5	 12	 9	 0.5024	 0.436102	 0.626755	 0.2258	 0.197026	 0.280244
5	 12	 10	 0.5085	 0.443187	 0.633319	 0.2262	 0.197334	 0.281730
5	 12	 11	 0.4937	 0.427598	 0.617638	 0.2314	 0.200373	 0.289408
5	 12	 12	 0.4903	 0.431857	 0.596421	 0.2292	 0.202068	 0.279178
5	 12	 13	 0.5006	 0.449135	 0.596771	 0.2387	 0.213965	 0.286026
5	 12	 14	 0.4957	 0.447510	 0.588712	 0.2378	 0.215814	 0.280329
5	 12	 15	 0.4843	 0.445660	 0.560150	 0.2318	 0.212181	 0.270488
5	 12	 16	 0.4865	 0.448689	 0.559636	 0.2293	 0.210659	 0.265880
5	 13	 4	 0.4748	 0.396277	 0.633786	 0.2252	 0.187348	 0.303175
5	 13	 5	 0.4730	 0.395942	 0.630667	 0.2171	 0.180268	 0.294197
5	 13	 6	 0.4804	 0.411598	 0.616422	 0.2274	 0.195294	 0.292568
5	 13	 7	 0.4773	 0.410536	 0.605599	 0.2280	 0.194937	 0.293487
5	 13	 8	 0.4902	 0.425278	 0.610262	 0.2235	 0.194165	 0.278009
5	 13	 9	 0.4796	 0.422001	 0.586323	 0.2286	 0.201140	 0.280757
5	 13	 10	 0.4897	 0.433079	 0.594619	 0.2267	 0.200769	 0.274758
5	 13	 11	 0.4924	 0.440164	 0.590995	 0.2348	 0.209240	 0.283966
5	 13	 12	 0.4915	 0.440182	 0.585243	 0.2246	 0.200919	 0.268772
5	 13	 13	 0.4877	 0.445262	 0.570261	 0.2358	 0.215126	 0.276624
5	 13	 14	 0.4894	 0.449266	 0.571667	 0.2366	 0.217928	 0.276843
5	 13	 15	 0.4759	 0.434441	 0.554835	 0.2331	 0.211403	 0.273795
5	 13	 16	 0.4843	 0.449972	 0.552003	 0.2294	 0.211575	 0.263447
5	 14	 4	 0.4859	 0.416015	 0.620682	 0.2209	 0.187662	 0.284331
5	 14	 5	 0.4782	 0.413147	 0.606072	 0.2267	 0.195671	 0.288724
5	 14	 6	 0.4796	 0.416711	 0.601271	 0.2180	 0.187632	 0.276404
5	 14	 7	 0.4871	 0.424676	 0.603708	 0.2212	 0.192305	 0.276350
5	 14	 8	 0.4947	 0.441106	 0.595123	 0.2206	 0.196207	 0.265979
5	 14	 9	 0.4880	 0.433738	 0.591380	 0.2330	 0.206487	 0.283578
5	 14	 10	 0.4913	 0.442307	 0.583383	 0.2263	 0.203088	 0.269401
5	 14	 11	 0.4899	 0.447410	 0.572907	 0.2247	 0.204921	 0.263782
5	 14	 12	 0.4965	 0.450920	 0.581832	 0.2216	 0.201643	 0.258549
5	 14	 13	 0.4870	 0.451107	 0.556907	 0.2395	 0.221316	 0.275088
5	 14	 14	 0.4914	 0.454747	 0.562369	 0.2370	 0.218374	 0.272020
5	 14	 15	 0.4889	 0.456819	 0.551654	 0.2322	 0.216861	 0.263234
5	 14	 16	 0.4871	 0.459483	 0.545111	 0.2338	 0.220122	 0.262311
5	 15	 4	 0.4758	 0.415959	 0.591576	 0.2172	 0.190083	 0.270636
5	 15	 5	 0.4716	 0.411629	 0.588499	 0.2194	 0.192287	 0.273409
5	 15	 6	 0.4856	 0.430363	 0.587688	 0.2176	 0.192108	 0.265398
5	 15	 7	 0.4738	 0.422622	 0.570794	 0.2209	 0.196921	 0.267124
5	 15	 8	 0.4812	 0.431327	 0.573483	 0.2218	 0.199689	 0.263655
5	 15	 9	 0.4800	 0.438973	 0.559313	 0.2294	 0.208480	 0.270087
5	 15	 10	 0.4899	 0.448515	 0.568529	 0.2312	 0.211540	 0.268766
5	 15	 11	 0.4787	 0.442766	 0.552321	 0.2323	 0.215062	 0.267199
5	 15	 12	 0.4978	 0.462849	 0.565974	 0.2374	 0.219856	 0.271670
5	 15	 13	 0.4771	 0.451034	 0.531466	 0.2322	 0.218085	 0.261678
5	 15	 14	 0.4841	 0.453125	 0.546311	 0.2245	 0.208685	 0.255381
5	 15	 15	 0.4679	 0.441218	 0.523870	 0.2366	 0.224113	 0.263329
5	 15	 16	 0.4861	 0.466556	 0.530792	 0.2376	 0.226449	 0.262046
5	 16	 4	 0.4721	 0.414645	 0.579986	 0.2293	 0.201486	 0.281838
5	 16	 5	 0.4767	 0.427628	 0.569019	 0.2229	 0.200525	 0.265148
5	 16	 6	 0.4921	 0.445597	 0.582747	 0.2268	 0.205177	 0.268330
5	 16	 7	 0.4762	 0.432179	 0.557739	 0.2252	 0.204091	 0.263909
5	 16	 8	 0.4815	 0.437689	 0.561338	 0.2305	 0.210459	 0.266913
5	 16	 9	 0.4887	 0.449870	 0.564046	 0.2295	 0.212006	 0.263025
5	 16	 10	 0.4866	 0.452004	 0.552976	 0.2300	 0.212865	 0.262313
5	 16	 11	 0.4865	 0.453295	 0.554952	 0.2278	 0.212653	 0.259061
5	 16	 12	 0.4891	 0.460961	 0.550269	 0.2407	 0.228628	 0.268423
5	 16	 13	 0.4728	 0.447293	 0.527502	 0.2268	 0.215657	 0.252352
5	 16	 14	 0.5032	 0.479259	 0.557143	 0.2304	 0.219160	 0.255507
5	 16	 15	 0.4833	 0.456593	 0.538622	 0.2345	 0.223088	 0.259102
5	 16	 16	 0.4903	 0.477382	 0.528335	 0.2470	 0.239518	 0.267699
