2	2	2	0.2850	0.201025	0.682589	0.1406	0.101302	0.335385
2	2	3	0.3124	0.228178	0.666682	0.1617	0.119990	0.341970
2	2	4	0.3346	0.262805	0.604124	0.1630	0.129944	0.291303
2	2	5	0.3313	0.267160	0.586203	0.1751	0.144528	0.306660
2	2	6	0.3439	0.287837	0.556084	0.1736	0.147911	0.277346
2	2	7	0.3590	0.313441	0.533541	0.1885	0.167576	0.277801
2	2	8	0.3749	0.348635	0.495988	0.1910	0.179653	0.251513
2	2	9	0.3530	0.325218	0.486912	0.1930	0.180755	0.263925
2	2	10	0.3490	0.316876	0.488121	0.1849	0.170762	0.256042
2	2	11	0.3428	0.317866	0.474461	0.1888	0.178136	0.256636
2	2	12	0.3479	0.335871	0.450591	0.1920	0.187517	0.245755
2	2	13	0.3454	0.335214	0.441047	0.1975	0.192906	0.251519
2	2	14	0.3432	0.339624	0.424497	0.1931	0.191594	0.238526
2	2	15	0.3498	0.356443	0.411529	0.2027	0.207389	0.239045
2	2	16	0.3608	0.384992	0.394761	0.2085	0.223642	0.228462
2	2	17	0.3476	0.364644	0.394448	0.2040	0.214099	0.232594
2	3	2	0.3076	0.225517	0.654319	0.1582	0.118175	0.333237
2	3	3	0.3173	0.240627	0.641191	0.1768	0.136427	0.353569
2	3	4	0.3436	0.282674	0.583952	0.1842	0.154843	0.308487
2	3	5	0.3430	0.285236	0.568919	0.1969	0.167053	0.322978
2	3	6	0.3579	0.309943	0.543699	0.1951	0.173047	0.291536
2	3	7	0.3689	0.327506	0.530107	0.2088	0.188260	0.296686
2	3	8	0.3782	0.360659	0.481520	0.2063	0.198329	0.263162
2	3	9	0.3624	0.340474	0.480265	0.2088	0.198469	0.276929
2	3	10	0.3569	0.342826	0.465274	0.1981	0.193302	0.255144
2	3	11	0.3524	0.339306	0.462388	0.2040	0.199454	0.265515
2	3	12	0.3552	0.352581	0.435499	0.2048	0.204565	0.250978
2	3	13	0.3522	0.349916	0.434412	0.2097	0.210222	0.258467
2	3	14	0.3633	0.372239	0.429075	0.2102	0.216182	0.247794
2	3	15	0.3593	0.373949	0.410986	0.2177	0.226846	0.250703
2	3	16	0.3652	0.398372	0.385976	0.2184	0.238224	0.231819
2	3	17	0.3554	0.381155	0.391954	0.2173	0.232961	0.241974
2	4	2	0.3379	0.272244	0.600030	0.1664	0.136321	0.293082
2	4	3	0.3496	0.288749	0.591644	0.1838	0.155175	0.307148
2	4	4	0.3606	0.306872	0.576317	0.1828	0.159524	0.285874
2	4	5	0.3655	0.320836	0.552962	0.1961	0.175693	0.293452
2	4	6	0.3789	0.344379	0.537819	0.1908	0.176813	0.267350
2	4	7	0.3910	0.364707	0.513481	0.2119	0.199611	0.278303
2	4	8	0.3929	0.383540	0.483404	0.2030	0.199885	0.249676
2	4	9	0.3833	0.380831	0.466807	0.2145	0.215430	0.260928
2	4	10	0.3779	0.374721	0.463072	0.2039	0.203536	0.250628
2	4	11	0.3782	0.377344	0.463153	0.2126	0.213623	0.258530
2	4	12	0.3728	0.380457	0.443082	0.2066	0.213369	0.243666
2	4	13	0.3796	0.396803	0.432208	0.2184	0.229835	0.247763
2	4	14	0.3818	0.407992	0.421532	0.2151	0.230493	0.237828
2	4	15	0.3860	0.420734	0.411007	0.2247	0.245113	0.240339
2	4	16	0.3816	0.431993	0.388453	0.2222	0.251373	0.227258
2	4	17	0.3819	0.430383	0.395168	0.2307	0.259855	0.239465
2	5	2	0.3456	0.290128	0.569134	0.1816	0.155155	0.294451
2	5	3	0.3550	0.303601	0.557282	0.1953	0.169501	0.304519
2	5	4	0.3657	0.325194	0.540552	0.1956	0.176920	0.284988
2	5	5	0.3674	0.326012	0.539704	0.2046	0.184104	0.299481
2	5	6	0.3820	0.350951	0.522385	0.2052	0.191276	0.279261
2	5	7	0.3837	0.360744	0.503880	0.2161	0.205096	0.283818
2	5	8	0.3985	0.400810	0.471615	0.2189	0.222808	0.258616
2	5	9	0.3833	0.384177	0.459627	0.2191	0.222079	0.264133
2	5	10	0.3825	0.389245	0.449521	0.2137	0.217567	0.251706
2	5	11	0.3840	0.395440	0.446872	0.2203	0.227706	0.257709
2	5	12	0.3817	0.400004	0.429930	0.2180	0.229534	0.244912
2	5	13	0.3793	0.407026	0.422321	0.2273	0.244408	0.253791
2	5	14	0.3815	0.415493	0.412825	0.2237	0.242863	0.242951
2	5	15	0.3868	0.429825	0.405397	0.2351	0.260426	0.249363
2	5	16	0.3857	0.443704	0.385497	0.2345	0.269322	0.235974
2	5	17	0.3804	0.429520	0.390390	0.2334	0.262983	0.241937
2	6	2	0.3618	0.320896	0.537024	0.1859	0.168928	0.271056
2	6	3	0.3764	0.344245	0.528697	0.1970	0.182839	0.274833
2	6	4	0.3835	0.361834	0.508503	0.1962	0.187555	0.259674
2	6	5	0.3872	0.370753	0.509956	0.2063	0.201181	0.269656
2	6	6	0.3897	0.377821	0.497184	0.1994	0.195861	0.253375
2	6	7	0.3979	0.396129	0.483457	0.2157	0.216752	0.262125
2	6	8	0.4018	0.413982	0.464925	0.2114	0.220050	0.243712
2	6	9	0.3977	0.415061	0.455816	0.2220	0.233418	0.255577
2	6	10	0.3992	0.419733	0.450662	0.2122	0.223728	0.242314
2	6	11	0.3949	0.420235	0.443688	0.2206	0.236316	0.248064
2	6	12	0.3974	0.434787	0.427964	0.2198	0.240531	0.237683
2	6	13	0.3913	0.431685	0.416215	0.2283	0.252165	0.243952
2	6	14	0.3957	0.438580	0.411749	0.2243	0.248937	0.235726
2	6	15	0.3969	0.462712	0.394833	0.2358	0.274833	0.235941
2	6	16	0.3970	0.466389	0.388147	0.2320	0.272589	0.228581
2	6	17	0.3928	0.463138	0.385698	0.2342	0.275863	0.232012
2	7	2	0.3770	0.347035	0.516434	0.1994	0.185966	0.271362
2	7	3	0.3878	0.366626	0.508656	0.2078	0.197688	0.273992
2	7	4	0.3919	0.380698	0.492537	0.2051	0.202280	0.257170
2	7	5	0.3948	0.388464	0.487844	0.2160	0.214244	0.268076
2	7	6	0.3957	0.393089	0.480144	0.2107	0.211393	0.253968
2	7	7	0.3971	0.398139	0.476683	0.2222	0.225394	0.267729
2	7	8	0.4085	0.426289	0.460623	0.2238	0.233915	0.253691
2	7	9	0.4086	0.433549	0.453982	0.2306	0.244952	0.259755
2	7	10	0.4047	0.433965	0.442955	0.2241	0.241101	0.246660
2	7	11	0.4016	0.436885	0.431351	0.2320	0.253288	0.252053
2	7	12	0.4060	0.450906	0.423981	0.2284	0.253337	0.239421
2	7	13	0.4030	0.452904	0.417590	0.2375	0.268112	0.248337
2	7	14	0.4068	0.463630	0.413767	0.2344	0.268062	0.238400
2	7	15	0.4044	0.470881	0.404125	0.2410	0.279769	0.243739
2	7	16	0.3979	0.473056	0.383094	0.2399	0.284105	0.232974
2	7	17	0.3951	0.469433	0.383978	0.2391	0.283080	0.236007
2	8	2	0.3862	0.382505	0.480477	0.1992	0.199028	0.248560
2	8	3	0.3967	0.400945	0.476324	0.2075	0.211956	0.248841
2	8	4	0.4089	0.420721	0.476617	0.2103	0.218058	0.245564
2	8	5	0.4088	0.424098	0.469922	0.2142	0.223674	0.246886
2	8	6	0.4124	0.431362	0.470091	0.2127	0.224383	0.242181
2	8	7	0.4150	0.442151	0.464374	0.2205	0.236870	0.247100
2	8	8	0.4097	0.437472	0.450475	0.2162	0.232115	0.238152
2	8	9	0.4148	0.454141	0.444787	0.2240	0.245980	0.240640
2	8	10	0.4099	0.453621	0.434753	0.2234	0.247929	0.238076
2	8	11	0.4140	0.462546	0.430155	0.2306	0.257775	0.240840
2	8	12	0.4136	0.470266	0.420863	0.2289	0.259037	0.235804
2	8	13	0.4165	0.483676	0.416366	0.2359	0.272390	0.238457
2	8	14	0.4211	0.493979	0.411900	0.2330	0.272762	0.230074
2	8	15	0.4143	0.498799	0.401563	0.2345	0.281209	0.229482
2	8	16	0.4112	0.497765	0.392104	0.2394	0.287866	0.230581
2	8	17	0.4063	0.494320	0.382970	0.2372	0.286932	0.225968
2	9	2	0.3766	0.369250	0.470171	0.2012	0.199636	0.250394
2	9	3	0.3908	0.401121	0.459359	0.2143	0.222438	0.252813
2	9	4	0.3973	0.423083	0.443238	0.2164	0.230794	0.242446
2	9	5	0.4012	0.427425	0.447181	0.2208	0.235812	0.249039
2	9	6	0.4025	0.430786	0.445302	0.2201	0.237219	0.243569
2	9	7	0.4074	0.438037	0.447362	0.2244	0.243562	0.248008
2	9	8	0.4081	0.448715	0.434005	0.2186	0.241780	0.233144
2	9	9	0.4084	0.448866	0.435255	0.2281	0.250483	0.246289
2	9	10	0.4054	0.453350	0.424757	0.2278	0.254902	0.238801
2	9	11	0.4116	0.465631	0.426291	0.2323	0.263614	0.242528
2	9	12	0.4111	0.471677	0.416628	0.2345	0.269035	0.238422
2	9	13	0.4131	0.480451	0.414916	0.2356	0.272984	0.239848
2	9	14	0.4069	0.476618	0.401240	0.2333	0.271786	0.233028
2	9	15	0.4068	0.483833	0.395819	0.2399	0.283672	0.236646
2	9	16	0.4086	0.496837	0.384887	0.2389	0.288824	0.228473
2	9	17	0.4070	0.495994	0.384269	0.2411	0.290957	0.231862
2	10	2	0.3812	0.388139	0.457667	0.2046	0.209437	0.244995
2	10	3	0.3886	0.409412	0.443531	0.2130	0.225343	0.243828
2	10	4	0.3960	0.426682	0.435591	0.2160	0.233442	0.237610
2	10	5	0.4039	0.438160	0.438984	0.2236	0.242534	0.245033
2	10	6	0.3990	0.439460	0.426077	0.2160	0.236676	0.232252
2	10	7	0.4064	0.453174	0.427944	0.2253	0.251141	0.239267
2	10	8	0.4113	0.467685	0.423836	0.2290	0.260176	0.236829
2	10	9	0.4077	0.465691	0.419419	0.2298	0.262534	0.238093
2	10	10	0.4069	0.462099	0.417702	0.2303	0.262166	0.237321
2	10	11	0.4096	0.469106	0.417217	0.2312	0.263405	0.237387
2	10	12	0.4083	0.474708	0.408321	0.2273	0.264513	0.228815
2	10	13	0.4097	0.483328	0.401840	0.2328	0.273140	0.230216
2	10	14	0.4106	0.490905	0.395964	0.2328	0.277383	0.226470
2	10	15	0.4099	0.497671	0.389902	0.2396	0.289106	0.231040
2	10	16	0.4062	0.496241	0.382490	0.2372	0.288738	0.225692
2	10	17	0.4022	0.495431	0.375883	0.2376	0.289945	0.225490
2	11	2	0.3772	0.389254	0.441782	0.2098	0.219680	0.244022
2	11	3	0.3860	0.408582	0.436277	0.2180	0.232065	0.248847
2	11	4	0.3942	0.428935	0.427581	0.2181	0.238567	0.236818
2	11	5	0.3898	0.430762	0.420422	0.2222	0.246716	0.240994
2	11	6	0.3966	0.440751	0.418762	0.2217	0.248479	0.234349
2	11	7	0.4024	0.451826	0.418304	0.2300	0.258294	0.241289
2	11	8	0.4032	0.464786	0.405750	0.2293	0.264737	0.231941
2	11	9	0.4020	0.458798	0.410232	0.2329	0.266019	0.239969
2	11	10	0.4006	0.461550	0.404329	0.2299	0.265784	0.233141
2	11	11	0.4021	0.463829	0.406070	0.2324	0.267866	0.237370
2	11	12	0.4087	0.479897	0.402341	0.2359	0.276836	0.233767
2	11	13	0.4014	0.477523	0.392808	0.2370	0.281216	0.235202
2	11	14	0.4018	0.480242	0.389026	0.2360	0.282111	0.231030
2	11	15	0.4046	0.486399	0.387904	0.2403	0.287526	0.233735
2	11	16	0.4075	0.504447	0.377496	0.2429	0.299216	0.227285
2	11	17	0.4017	0.495745	0.376633	0.2448	0.300429	0.232775
2	12	2	0.3793	0.403797	0.425382	0.2127	0.228085	0.237060
2	12	3	0.3879	0.426533	0.423381	0.2196	0.242118	0.240329
2	12	4	0.3900	0.428483	0.419599	0.2183	0.241813	0.234442
2	12	5	0.3965	0.451228	0.408593	0.2291	0.261184	0.236936
2	12	6	0.3954	0.454170	0.402183	0.2243	0.259351	0.227734
2	12	7	0.4010	0.466132	0.401604	0.2285	0.264983	0.230558
2	12	8	0.4070	0.478584	0.401266	0.2288	0.269192	0.226982
2	12	9	0.4052	0.476611	0.398296	0.2311	0.271475	0.229117
2	12	10	0.4042	0.476935	0.398073	0.2285	0.270003	0.226118
2	12	11	0.4059	0.482695	0.399092	0.2333	0.277685	0.229865
2	12	12	0.4073	0.490188	0.393333	0.2365	0.283789	0.230291
2	12	13	0.4082	0.496477	0.390210	0.2369	0.287034	0.228167
2	12	14	0.4046	0.495935	0.381812	0.2347	0.285774	0.223693
2	12	15	0.4054	0.501852	0.377096	0.2406	0.297247	0.225562
2	12	16	0.4018	0.507161	0.368719	0.2382	0.298436	0.221411
2	12	17	0.4050	0.511545	0.370959	0.2456	0.308381	0.227809
2	13	2	0.3795	0.408159	0.417425	0.2175	0.234646	0.239808
2	13	3	0.3813	0.420354	0.410650	0.2212	0.244993	0.239738
2	13	4	0.3831	0.435704	0.398390	0.2191	0.249523	0.228158
2	13	5	0.3934	0.450040	0.404653	0.2267	0.259895	0.234567
2	13	6	0.3906	0.458207	0.388424	0.2268	0.265420	0.227514
2	13	7	0.3991	0.467628	0.397792	0.2308	0.269350	0.232651
2	13	8	0.4000	0.473999	0.388447	0.2333	0.276147	0.228343
2	13	9	0.4007	0.478330	0.389830	0.2328	0.276525	0.229951
2	13	10	0.4008	0.479816	0.390607	0.2332	0.278180	0.230068
2	13	11	0.3972	0.469760	0.388972	0.2324	0.273758	0.230501
2	13	12	0.4020	0.481927	0.387778	0.2335	0.278691	0.227043
2	13	13	0.4021	0.488147	0.383615	0.2375	0.285450	0.230681
2	13	14	0.4001	0.492796	0.377305	0.2381	0.292149	0.226334
2	13	15	0.4039	0.498538	0.378569	0.2412	0.294633	0.229980
2	13	16	0.4030	0.503486	0.371132	0.2400	0.298630	0.223575
2	13	17	0.3998	0.502589	0.367970	0.2410	0.300938	0.225724
2	14	2	0.3786	0.420262	0.402953	0.2158	0.241280	0.228726
2	14	3	0.3862	0.442108	0.395586	0.2273	0.259988	0.233982
2	14	4	0.3900	0.455057	0.390100	0.2231	0.260904	0.224416
2	14	5	0.3919	0.463083	0.385639	0.2306	0.272442	0.227799
2	14	6	0.3896	0.464804	0.380102	0.2300	0.273967	0.225347
2	14	7	0.3984	0.483909	0.380250	0.2329	0.282751	0.223838
2	14	8	0.3938	0.479220	0.374146	0.2335	0.283663	0.223612
2	14	9	0.4026	0.489610	0.382177	0.2360	0.287003	0.225167
2	14	10	0.3911	0.481706	0.368065	0.2305	0.283310	0.218656
2	14	11	0.3990	0.489184	0.376515	0.2320	0.284251	0.220567
2	14	12	0.3976	0.489891	0.372056	0.2322	0.284268	0.219376
2	14	13	0.4017	0.497905	0.373597	0.2388	0.294206	0.224447
2	14	14	0.4006	0.498912	0.370913	0.2358	0.292044	0.220321
2	14	15	0.3930	0.497103	0.359476	0.2389	0.301363	0.220554
2	14	16	0.3972	0.506276	0.358832	0.2404	0.304056	0.219924
2	14	17	0.4035	0.512204	0.364554	0.2418	0.305932	0.220134
2	15	2	0.3749	0.427201	0.386783	0.2185	0.249656	0.226605
2	15	3	0.3807	0.440639	0.383081	0.2240	0.258895	0.227206
2	15	4	0.3922	0.466399	0.381202	0.2252	0.267376	0.220872
2	15	5	0.3890	0.464429	0.379588	0.2275	0.270301	0.225089
2	15	6	0.3893	0.471163	0.374980	0.2305	0.277734	0.223198
2	15	7	0.3972	0.485432	0.377050	0.2330	0.283732	0.224206
2	15	8	0.3946	0.485723	0.367677	0.2334	0.286126	0.220203
2	15	9	0.3946	0.486726	0.370537	0.2337	0.286194	0.222831
2	15	10	0.3959	0.489184	0.371095	0.2329	0.284946	0.220757
2	15	11	0.3955	0.491881	0.367923	0.2357	0.290578	0.223179
2	15	12	0.4006	0.501205	0.368526	0.2384	0.295154	0.223020
2	15	13	0.3916	0.494337	0.360586	0.2391	0.298815	0.223687
2	15	14	0.4001	0.502009	0.366792	0.2398	0.298798	0.222062
2	15	15	0.3996	0.501642	0.367314	0.2411	0.299675	0.225345
2	15	16	0.3993	0.511147	0.358558	0.2386	0.302176	0.217446
2	15	17	0.3930	0.505826	0.354272	0.2445	0.309729	0.224916
2	16	2	0.3772	0.442019	0.373084	0.2224	0.260710	0.221270
2	16	3	0.3853	0.462834	0.370246	0.2281	0.273708	0.220526
2	16	4	0.3829	0.468346	0.364409	0.2289	0.279087	0.220045
2	16	5	0.3892	0.478223	0.368096	0.2314	0.281809	0.221541
2	16	6	0.3879	0.480471	0.361333	0.2311	0.284932	0.217696
2	16	7	0.3924	0.488136	0.362869	0.2321	0.287342	0.216908
2	16	8	0.3950	0.493761	0.365507	0.2327	0.288863	0.217602
2	16	9	0.3934	0.493946	0.361782	0.2354	0.295578	0.217879
2	16	10	0.3894	0.497525	0.353774	0.2340	0.297314	0.215195
2	16	11	0.3963	0.504245	0.359599	0.2387	0.301611	0.218946
2	16	12	0.3930	0.501114	0.357022	0.2353	0.298012	0.217079
2	16	13	0.3935	0.504679	0.353973	0.2386	0.303147	0.217583
2	16	14	0.3964	0.507575	0.356120	0.2402	0.307365	0.217776
2	16	15	0.3936	0.506920	0.351789	0.2403	0.307017	0.217534
2	16	16	0.3949	0.515851	0.349320	0.2384	0.309218	0.214231
2	16	17	0.3959	0.513150	0.350403	0.2416	0.310341	0.216879
2	17	2	0.3722	0.433325	0.373664	0.2203	0.257261	0.221824
2	17	3	0.3784	0.454661	0.366607	0.2322	0.276696	0.228513
2	17	4	0.3867	0.471335	0.368681	0.2301	0.278417	0.222401
2	17	5	0.3842	0.472378	0.362342	0.2329	0.283820	0.223402
2	17	6	0.3869	0.482056	0.361173	0.2329	0.288811	0.220062
2	17	7	0.3902	0.489755	0.360856	0.2340	0.291178	0.220581
2	17	8	0.3916	0.496737	0.356664	0.2363	0.296543	0.218417
2	17	9	0.3893	0.494372	0.356042	0.2354	0.296154	0.219204
2	17	10	0.3875	0.490028	0.354308	0.2351	0.294916	0.217466
2	17	11	0.3934	0.501208	0.357534	0.2383	0.300379	0.220179
2	17	12	0.3879	0.498204	0.349603	0.2389	0.305049	0.216967
2	17	13	0.3931	0.505038	0.353881	0.2401	0.305851	0.219742
2	17	14	0.3939	0.508260	0.353097	0.2357	0.299815	0.215654
2	17	15	0.3899	0.505213	0.349592	0.2389	0.306315	0.218020
2	17	16	0.3925	0.513391	0.347209	0.2401	0.309695	0.215817
2	17	17	0.3883	0.507540	0.345354	0.2428	0.313872	0.219508
3	2	2	0.2485	0.157196	0.801028	0.1216	0.077157	0.399018
3	2	3	0.2771	0.181032	0.779919	0.1418	0.093317	0.401979
3	2	4	0.3084	0.212615	0.729580	0.1422	0.098600	0.339212
3	2	5	0.3072	0.213422	0.710380	0.1543	0.107758	0.360953
3	2	6	0.3163	0.228692	0.661650	0.1482	0.107304	0.313857
3	2	7	0.3423	0.258027	0.644042	0.1707	0.129018	0.325686
3	2	8	0.3614	0.289915	0.597530	0.1695	0.136600	0.284947
3	2	9	0.3407	0.267549	0.590246	0.1676	0.132310	0.294145
3	2	10	0.3281	0.260514	0.566085	0.1644	0.131277	0.284307
3	2	11	0.3309	0.264150	0.565591	0.1693	0.136369	0.287706
3	2	12	0.3361	0.279857	0.529529	0.1697	0.143482	0.264991
3	2	13	0.3393	0.287296	0.514113	0.1788	0.152381	0.270350
3	2	14	0.3349	0.288004	0.500528	0.1766	0.152782	0.265034
3	2	15	0.3491	0.310128	0.483468	0.1886	0.168532	0.262715
3	2	16	0.3593	0.337879	0.455367	0.1890	0.177746	0.242155
3	2	17	0.3392	0.311004	0.451186	0.1889	0.174287	0.251878
3	3	2	0.2779	0.183697	0.767657	0.1406	0.093514	0.391095
3	3	3	0.2873	0.192124	0.759086	0.1571	0.105487	0.417440
3	3	4	0.3174	0.224431	0.705966	0.1614	0.115181	0.358183
3	3	5	0.3182	0.227989	0.683874	0.1737	0.125394	0.375768
3	3	6	0.3390	0.254646	0.654458	0.1689	0.127891	0.326944
3	3	7	0.3489	0.269437	0.634528	0.1890	0.146807	0.345749
3	3	8	0.3724	0.306920	0.584455	0.1895	0.156734	0.299516
3	3	9	0.3529	0.286579	0.579184	0.1897	0.155247	0.312327
3	3	10	0.3433	0.280027	0.560969	0.1748	0.144029	0.283515
3	3	11	0.3442	0.285802	0.551652	0.1854	0.155058	0.298882
3	3	12	0.3469	0.295332	0.525807	0.1848	0.157781	0.280689
3	3	13	0.3435	0.296752	0.511604	0.1915	0.165617	0.287641
3	3	14	0.3504	0.310674	0.489607	0.1910	0.170568	0.265615
3	3	15	0.3507	0.315699	0.477823	0.2007	0.181577	0.274835
3	3	16	0.3653	0.348968	0.452150	0.1987	0.189724	0.248316
3	3	17	0.3521	0.327432	0.457316	0.1981	0.184993	0.258589
3	4	2	0.3130	0.219762	0.722272	0.1484	0.105382	0.342101
3	4	3	0.3263	0.235936	0.705349	0.1629	0.118287	0.356132
3	4	4	0.3370	0.247340	0.690765	0.1574	0.116487	0.322836
3	4	5	0.3457	0.259955	0.669249	0.1744	0.131617	0.339281
3	4	6	0.3682	0.289323	0.643110	0.1755	0.138428	0.307120
3	4	7	0.3820	0.308540	0.620176	0.1918	0.155657	0.312324
3	4	8	0.3916	0.332456	0.584052	0.1859	0.158015	0.280677
3	4	9	0.3784	0.320484	0.566157	0.1963	0.166426	0.295001
3	4	10	0.3757	0.320633	0.560225	0.1850	0.159419	0.275058
3	4	11	0.3701	0.319089	0.546841	0.1955	0.169870	0.288354
3	4	12	0.3766	0.334248	0.529342	0.1904	0.170087	0.267996
3	4	13	0.3711	0.335218	0.508887	0.2010	0.183511	0.274495
3	4	14	0.3744	0.345269	0.486867	0.1933	0.178560	0.254391
3	4	15	0.3819	0.361053	0.478434	0.2102	0.199423	0.265319
3	4	16	0.3901	0.379684	0.470688	0.2050	0.199634	0.249147
3	4	17	0.3830	0.373206	0.459392	0.2099	0.204946	0.254045
3	5	2	0.3214	0.231817	0.684013	0.1583	0.114417	0.338584
3	5	3	0.3326	0.247289	0.668324	0.1747	0.130312	0.353720
3	5	4	0.3540	0.272651	0.651463	0.1727	0.133169	0.320738
3	5	5	0.3451	0.267169	0.637329	0.1859	0.143850	0.346560
3	5	6	0.3627	0.290114	0.617478	0.1830	0.146223	0.314634
3	5	7	0.3705	0.305046	0.596897	0.1964	0.161618	0.319269
3	5	8	0.3906	0.334151	0.569980	0.1962	0.167767	0.289535
3	5	9	0.3758	0.323416	0.551228	0.2004	0.172106	0.296860
3	5	10	0.3775	0.328945	0.539792	0.1947	0.170673	0.279124
3	5	11	0.3752	0.330793	0.528354	0.2023	0.178919	0.286801
3	5	12	0.3794	0.343287	0.512793	0.1993	0.179801	0.271903
3	5	13	0.3727	0.342736	0.497942	0.2075	0.191383	0.279587
3	5	14	0.3798	0.360480	0.482697	0.2089	0.199245	0.267787
3	5	15	0.3846	0.365600	0.478373	0.2152	0.204698	0.270545
3	5	16	0.3922	0.390082	0.454601	0.2128	0.212375	0.248042
3	5	17	0.3763	0.375068	0.443684	0.2160	0.214445	0.257897
3	6	2	0.3424	0.256657	0.659326	0.1627	0.122625	0.313231
3	6	3	0.3661	0.289148	0.640793	0.1779	0.141078	0.313045
3	6	4	0.3722	0.298083	0.626857	0.1757	0.141285	0.298085
3	6	5	0.3803	0.309646	0.620741	0.1868	0.151802	0.310241
3	6	6	0.3846	0.321523	0.599460	0.1802	0.151916	0.281714
3	6	7	0.3935	0.337417	0.581944	0.1969	0.169438	0.292476
3	6	8	0.4055	0.357113	0.565878	0.1934	0.171290	0.269919
3	6	9	0.3977	0.358774	0.544339	0.2006	0.182151	0.275621
3	6	10	0.4010	0.364467	0.536983	0.1969	0.179814	0.264618
3	6	11	0.3948	0.360070	0.523291	0.2020	0.185052	0.268373
3	6	12	0.3953	0.370791	0.502929	0.2046	0.193088	0.260688
3	6	13	0.3937	0.372471	0.492771	0.2111	0.200045	0.266348
3	6	14	0.4035	0.396175	0.482859	0.2102	0.207316	0.254403
3	6	15	0.4036	0.400341	0.472973	0.2178	0.217139	0.256069
3	6	16	0.4027	0.409912	0.454567	0.2168	0.220074	0.247879
3	6	17	0.4022	0.410895	0.453700	0.2208	0.226712	0.250246
3	7	2	0.3656	0.293337	0.623903	0.1814	0.146242	0.310653
3	7	3	0.3760	0.305717	0.618526	0.1864	0.152223	0.310503
3	7	4	0.3918	0.331774	0.594204	0.1896	0.161009	0.288366
3	7	5	0.3880	0.329440	0.586672	0.1973	0.167429	0.302369
3	7	6	0.3927	0.337925	0.580452	0.1911	0.165873	0.281382
3	7	7	0.3964	0.344049	0.573720	0.2037	0.176916	0.298733
3	7	8	0.4077	0.368165	0.548550	0.2011	0.182482	0.272824
3	7	9	0.4017	0.367099	0.538031	0.2076	0.190380	0.281176
3	7	10	0.4031	0.370976	0.529499	0.2031	0.187121	0.269927
3	7	11	0.4039	0.377090	0.518579	0.2123	0.198531	0.275721
3	7	12	0.4085	0.392787	0.499975	0.2125	0.203940	0.263072
3	7	13	0.4044	0.396362	0.483862	0.2128	0.207414	0.259800
3	7	14	0.4076	0.409694	0.473713	0.2183	0.219770	0.255863
3	7	15	0.4071	0.415005	0.464992	0.2232	0.227581	0.258041
3	7	16	0.4093	0.426354	0.447037	0.2215	0.229225	0.245420
3	7	17	0.4061	0.424630	0.444885	0.2285	0.237794	0.253378
3	8	2	0.3828	0.323733	0.584113	0.1814	0.154903	0.277393
3	8	3	0.3981	0.346092	0.580586	0.1880	0.164307	0.275245
3	8	4	0.4033	0.355491	0.569331	0.1914	0.169864	0.269996
3	8	5	0.4071	0.363350	0.561253	0.1940	0.173542	0.270069
3	8	6	0.4147	0.375794	0.561394	0.1952	0.177611	0.266343
3	8	7	0.4162	0.382355	0.551942	0.2006	0.185062	0.267398
3	8	8	0.4144	0.380896	0.541167	0.1961	0.181289	0.257674
3	8	9	0.4184	0.395346	0.529435	0.2060	0.195358	0.262703
3	8	10	0.4201	0.401877	0.520350	0.2036	0.195919	0.253687
3	8	11	0.4165	0.407012	0.502834	0.2104	0.205440	0.256783
3	8	12	0.4245	0.416079	0.501775	0.2124	0.207760	0.254198
3	8	13	0.4212	0.418477	0.490363	0.2163	0.214572	0.254260
3	8	14	0.4206	0.427760	0.476677	0.2160	0.219056	0.246498
3	8	15	0.4274	0.442169	0.471111	0.2209	0.227977	0.246070
3	8	16	0.4234	0.445750	0.458932	0.2203	0.232026	0.241195
3	8	17	0.4153	0.443924	0.442195	0.2236	0.238322	0.240100
3	9	2	0.3710	0.316457	0.565239	0.1840	0.159131	0.280701
3	9	3	0.3846	0.334828	0.556655	0.1946	0.171109	0.283779
3	9	4	0.4039	0.362740	0.547966	0.1962	0.176305	0.269284
3	9	5	0.4019	0.366092	0.540012	0.2015	0.184104	0.274467
3	9	6	0.4063	0.376161	0.534148	0.2007	0.187324	0.264833
3	9	7	0.4107	0.384789	0.527353	0.2097	0.197407	0.271903
3	9	8	0.4168	0.398532	0.517645	0.2070	0.198778	0.258329
3	9	9	0.4119	0.395114	0.511819	0.2085	0.199873	0.262435
3	9	10	0.4140	0.400837	0.504584	0.2130	0.207081	0.261151
3	9	11	0.4114	0.402147	0.494329	0.2121	0.208533	0.256759
3	9	12	0.4208	0.420864	0.486949	0.2154	0.215016	0.252757
3	9	13	0.4127	0.414372	0.476088	0.2189	0.218770	0.258087
3	9	14	0.4161	0.423983	0.467540	0.2191	0.222797	0.248867
3	9	15	0.4163	0.434799	0.459406	0.2264	0.235498	0.254027
3	9	16	0.4189	0.449329	0.443268	0.2273	0.243221	0.243335
3	9	17	0.4136	0.446826	0.436450	0.2277	0.244676	0.244188
3	10	2	0.3738	0.321491	0.554225	0.1857	0.161382	0.273265
3	10	3	0.3897	0.350444	0.537958	0.1968	0.178566	0.272067
3	10	4	0.3999	0.369813	0.526519	0.1990	0.184378	0.263155
3	10	5	0.4034	0.374925	0.523731	0.2023	0.188562	0.264800
3	10	6	0.4080	0.385218	0.514265	0.2026	0.192337	0.256728
3	10	7	0.4140	0.395486	0.511229	0.2083	0.199761	0.258945
3	10	8	0.4168	0.407477	0.498002	0.2111	0.207260	0.253016
3	10	9	0.4143	0.407215	0.494927	0.2131	0.209514	0.257024
3	10	10	0.4170	0.409609	0.496571	0.2078	0.204834	0.248603
3	10	11	0.4178	0.415367	0.490014	0.2157	0.214790	0.254870
3	10	12	0.4186	0.422282	0.477618	0.2148	0.216296	0.247562
3	10	13	0.4200	0.428928	0.469622	0.2240	0.228284	0.253378
3	10	14	0.4130	0.429750	0.453689	0.2164	0.225561	0.239616
3	10	15	0.4226	0.446837	0.454699	0.2273	0.240222	0.246864
3	10	16	0.4195	0.452565	0.442676	0.2259	0.243187	0.240847
3	10	17	0.4226	0.453529	0.443892	0.2270	0.242702	0.241395
3	11	2	0.3737	0.335531	0.530540	0.1902	0.171894	0.271148
3	11	3	0.3913	0.357488	0.532252	0.1986	0.181272	0.273233
3	11	4	0.3990	0.372005	0.515993	0.2001	0.187440	0.260966
3	11	5	0.4045	0.381590	0.513550	0.2052	0.194341	0.263218
3	11	6	0.4108	0.393551	0.504994	0.2111	0.202712	0.261373
3	11	7	0.4086	0.399366	0.491912	0.2128	0.207746	0.259182
3	11	8	0.4215	0.421794	0.489399	0.2158	0.217049	0.252166
3	11	9	0.4104	0.406465	0.483973	0.2132	0.210010	0.255135
3	11	10	0.4139	0.419657	0.476980	0.2164	0.219199	0.250892
3	11	11	0.4110	0.415498	0.471773	0.2178	0.220264	0.252666
3	11	12	0.4132	0.425992	0.464397	0.2205	0.228320	0.248795
3	11	13	0.4107	0.426819	0.456771	0.2222	0.228779	0.251125
3	11	14	0.4206	0.441629	0.458080	0.2214	0.231616	0.243764
3	11	15	0.4113	0.436264	0.440826	0.2267	0.239252	0.246144
3	11	16	0.4187	0.456569	0.435041	0.2267	0.246983	0.237347
3	11	17	0.4127	0.447873	0.431708	0.2294	0.247534	0.243620
3	12	2	0.3802	0.349459	0.507082	0.1947	0.180488	0.258578
3	12	3	0.3920	0.369904	0.502651	0.2013	0.189781	0.261134
3	12	4	0.3968	0.382046	0.493976	0.2023	0.196550	0.250609
3	12	5	0.3997	0.390708	0.485281	0.2075	0.203399	0.252988
3	12	6	0.4120	0.407348	0.486915	0.2081	0.206793	0.246241
3	12	7	0.4071	0.411022	0.471304	0.2150	0.217521	0.250363
3	12	8	0.4191	0.425632	0.474898	0.2129	0.215463	0.244242
3	12	9	0.4155	0.427018	0.465632	0.2193	0.224677	0.248460
3	12	10	0.4146	0.424327	0.469419	0.2183	0.223820	0.248088
3	12	11	0.4179	0.434206	0.465992	0.2208	0.229025	0.247848
3	12	12	0.4153	0.433794	0.457988	0.2162	0.225702	0.240047
3	12	13	0.4112	0.434055	0.444132	0.2184	0.230289	0.237738
3	12	14	0.4191	0.453860	0.441490	0.2264	0.245672	0.240104
3	12	15	0.4153	0.449856	0.433562	0.2278	0.247647	0.239596
3	12	16	0.4150	0.452390	0.427890	0.2232	0.241932	0.233254
3	12	17	0.4159	0.458011	0.427724	0.2273	0.249430	0.236174
3	13	2	0.3765	0.348468	0.493754	0.1946	0.179847	0.258678
3	13	3	0.3864	0.366275	0.488186	0.2027	0.192819	0.259149
3	13	4	0.3965	0.390492	0.472001	0.2089	0.205870	0.250228
3	13	5	0.4012	0.402346	0.470647	0.2102	0.211098	0.249854
3	13	6	0.4022	0.409469	0.463750	0.2107	0.215057	0.244204
3	13	7	0.4111	0.422074	0.467333	0.2174	0.223132	0.250567
3	13	8	0.4120	0.431022	0.450052	0.2163	0.226073	0.238697
3	13	9	0.4118	0.428086	0.454033	0.2211	0.229248	0.247112
3	13	10	0.4096	0.426333	0.451315	0.2167	0.225206	0.240563
3	13	11	0.4115	0.433014	0.450024	0.2223	0.233237	0.245145
3	13	12	0.4133	0.437314	0.446101	0.2209	0.233069	0.240499
3	13	13	0.4107	0.441865	0.439425	0.2228	0.238663	0.242361
3	13	14	0.4106	0.445825	0.431429	0.2217	0.239406	0.236101
3	13	15	0.4160	0.454226	0.431862	0.2270	0.246367	0.240120
3	13	16	0.4103	0.454830	0.419022	0.2288	0.253607	0.235808
3	13	17	0.4120	0.461126	0.416773	0.2294	0.255046	0.236021
3	14	2	0.3802	0.366621	0.472046	0.1991	0.192743	0.246608
3	14	3	0.3945	0.391713	0.471910	0.2070	0.206988	0.248267
3	14	4	0.4036	0.407626	0.465420	0.2092	0.211225	0.242597
3	14	5	0.4050	0.415562	0.457216	0.2120	0.218068	0.240977
3	14	6	0.4055	0.420030	0.451013	0.2124	0.221155	0.235782
3	14	7	0.4011	0.421539	0.438413	0.2158	0.228126	0.235913
3	14	8	0.4057	0.430788	0.437473	0.2131	0.227682	0.230947
3	14	9	0.4114	0.438605	0.440181	0.2193	0.234301	0.236320
3	14	10	0.4112	0.441615	0.437261	0.2196	0.235820	0.235350
3	14	11	0.4107	0.440676	0.434678	0.2228	0.239240	0.236266
3	14	12	0.4046	0.440708	0.423799	0.2178	0.236572	0.230394
3	14	13	0.4110	0.448353	0.428118	0.2230	0.243283	0.233914
3	14	14	0.4127	0.456466	0.423552	0.2236	0.246721	0.231422
3	14	15	0.4124	0.461033	0.417040	0.2266	0.252843	0.230871
3	14	16	0.4149	0.468438	0.414534	0.2258	0.254213	0.228405
3	14	17	0.4102	0.463882	0.408653	0.2291	0.259052	0.229953
3	15	2	0.3819	0.377630	0.457037	0.2030	0.201504	0.243068
3	15	3	0.3899	0.396244	0.451779	0.2107	0.214865	0.246208
3	15	4	0.4039	0.418169	0.450897	0.2115	0.219658	0.237442
3	15	5	0.4027	0.418654	0.446526	0.2143	0.223469	0.240127
3	15	6	0.4044	0.426521	0.438136	0.2129	0.224392	0.233110
3	15	7	0.4063	0.436106	0.435159	0.2197	0.235396	0.238427
3	15	8	0.4100	0.445164	0.427445	0.2170	0.235516	0.228477
3	15	9	0.4058	0.442045	0.426341	0.2231	0.242721	0.237030
3	15	10	0.4079	0.449469	0.423072	0.2227	0.245563	0.232222
3	15	11	0.4110	0.451735	0.426968	0.2232	0.244230	0.235057
3	15	12	0.4145	0.458341	0.424066	0.2254	0.247409	0.234138
3	15	13	0.4124	0.458067	0.421524	0.2251	0.248705	0.233593
3	15	14	0.4103	0.460129	0.416777	0.2244	0.252218	0.229686
3	15	15	0.4090	0.462263	0.411766	0.2325	0.260831	0.237483
3	15	16	0.4091	0.468457	0.401625	0.2262	0.257626	0.225869
3	15	17	0.4053	0.465997	0.399765	0.2309	0.263283	0.231823
3	16	2	0.3923	0.401122	0.443569	0.2100	0.215147	0.238565
3	16	3	0.3978	0.416094	0.438816	0.2113	0.222456	0.234063
3	16	4	0.3972	0.423798	0.426448	0.2142	0.228278	0.232328
3	16	5	0.3989	0.430434	0.423130	0.2143	0.231738	0.228589
3	16	6	0.4074	0.440504	0.426762	0.2192	0.235919	0.231237
3	16	7	0.4107	0.449795	0.424139	0.2238	0.245042	0.233229
3	16	8	0.4028	0.444203	0.414896	0.2223	0.243841	0.231064
3	16	9	0.4074	0.454313	0.414071	0.2232	0.248321	0.229160
3	16	10	0.4073	0.457628	0.410104	0.2231	0.250418	0.227437
3	16	11	0.4093	0.460512	0.411560	0.2243	0.250607	0.228762
3	16	12	0.4076	0.465851	0.405282	0.2241	0.254540	0.225727
3	16	13	0.4056	0.462143	0.403041	0.2231	0.253339	0.224590
3	16	14	0.4119	0.469151	0.407053	0.2253	0.254389	0.225856
3	16	15	0.4116	0.474099	0.402460	0.2291	0.263198	0.226367
3	16	16	0.4153	0.476875	0.407386	0.2310	0.263458	0.229302
3	16	17	0.4086	0.470104	0.399748	0.2261	0.259214	0.223628
3	17	2	0.3753	0.386934	0.429039	0.2078	0.214329	0.239379
3	17	3	0.3865	0.407415	0.426710	0.2122	0.222989	0.238508
3	17	4	0.3936	0.422079	0.420128	0.2154	0.230415	0.232696
3	17	5	0.3928	0.423179	0.417739	0.2170	0.233830	0.233376
3	17	6	0.3974	0.433949	0.415283	0.2210	0.241264	0.233439
3	17	7	0.3992	0.441217	0.411985	0.2192	0.241504	0.229963
3	17	8	0.3989	0.446731	0.402343	0.2188	0.244588	0.223694
3	17	9	0.4026	0.450098	0.408767	0.2236	0.247638	0.230972
3	17	10	0.4026	0.451879	0.405529	0.2246	0.251175	0.229283
3	17	11	0.4040	0.455943	0.405072	0.2259	0.254076	0.229893
3	17	12	0.4013	0.459606	0.398587	0.2235	0.255559	0.224537
3	17	13	0.4041	0.463076	0.401073	0.2287	0.260982	0.230788
3	17	14	0.3991	0.460549	0.390699	0.2271	0.261547	0.224885
3	17	15	0.3999	0.460504	0.392335	0.2281	0.261319	0.227026
3	17	16	0.4060	0.471897	0.393255	0.2265	0.261087	0.223022
3	17	17	0.3894	0.460066	0.375766	0.2269	0.266488	0.222566
4	2	2	0.2238	0.135318	0.846415	0.1105	0.067234	0.424049
4	2	3	0.2547	0.158610	0.834242	0.1332	0.083392	0.442268
4	2	4	0.2834	0.184797	0.780524	0.1282	0.083897	0.360653
4	2	5	0.2838	0.185541	0.764273	0.1406	0.092454	0.383025
4	2	6	0.2983	0.200557	0.735103	0.1368	0.092378	0.342295
4	2	7	0.3159	0.220407	0.697917	0.1575	0.110639	0.350051
4	2	8	0.3394	0.251420	0.657105	0.1538	0.114297	0.302371
4	2	9	0.3209	0.230839	0.652929	0.1574	0.113762	0.323955
4	2	10	0.3156	0.229658	0.635587	0.1488	0.109056	0.302164
4	2	11	0.3195	0.234955	0.626576	0.1597	0.118225	0.312732
4	2	12	0.3214	0.243554	0.591718	0.1569	0.119364	0.291359
4	2	13	0.3247	0.249720	0.570955	0.1637	0.126363	0.291431
4	2	14	0.3248	0.253945	0.557491	0.1619	0.127324	0.278888
4	2	15	0.3340	0.271278	0.529353	0.1719	0.140525	0.272780
4	2	16	0.3417	0.290635	0.499853	0.1735	0.148886	0.254170
4	2	17	0.3307	0.272570	0.504087	0.1719	0.142126	0.264841
4	3	2	0.2527	0.158131	0.819487	0.1300	0.081789	0.426682
4	3	3	0.2658	0.168278	0.815434	0.1479	0.093706	0.461322
4	3	4	0.2992	0.199977	0.764463	0.1464	0.098216	0.379911
4	3	5	0.2990	0.200303	0.740964	0.1619	0.108711	0.404072
4	3	6	0.3209	0.223331	0.716297	0.1551	0.107713	0.351580
4	3	7	0.3278	0.233273	0.688923	0.1713	0.121951	0.364384
4	3	8	0.3559	0.270209	0.642308	0.1711	0.130014	0.311609
4	3	9	0.3293	0.244165	0.628167	0.1708	0.127282	0.327091
4	3	10	0.3355	0.251589	0.625216	0.1644	0.124087	0.307381
4	3	11	0.3293	0.250185	0.606011	0.1723	0.131042	0.321313
4	3	12	0.3401	0.266194	0.583570	0.1671	0.131410	0.288356
4	3	13	0.3335	0.262216	0.568265	0.1781	0.141195	0.304365
4	3	14	0.3423	0.276932	0.551645	0.1728	0.140488	0.280291
4	3	15	0.3452	0.286189	0.530014	0.1870	0.155337	0.292084
4	3	16	0.3518	0.304925	0.494784	0.1857	0.162510	0.261614
4	3	17	0.3408	0.290613	0.502764	0.1851	0.158164	0.276433
4	4	2	0.2879	0.189951	0.774884	0.1351	0.089475	0.369070
4	4	3	0.3051	0.203800	0.769900	0.1538	0.102593	0.395000
4	4	4	0.3194	0.218881	0.749159	0.1458	0.100064	0.345306
4	4	5	0.3296	0.231268	0.726032	0.1638	0.115130	0.364229
4	4	6	0.3448	0.248631	0.696631	0.1576	0.113717	0.320782
4	4	7	0.3656	0.273532	0.676653	0.1777	0.132693	0.335062
4	4	8	0.3832	0.298182	0.653019	0.1718	0.132767	0.298820
4	4	9	0.3707	0.290976	0.624997	0.1799	0.141358	0.306395
4	4	10	0.3609	0.282659	0.613535	0.1727	0.135760	0.295912
4	4	11	0.3602	0.281593	0.613919	0.1789	0.140968	0.305291
4	4	12	0.3609	0.292673	0.586297	0.1740	0.142152	0.283291
4	4	13	0.3641	0.299001	0.567687	0.1873	0.154060	0.294721
4	4	14	0.3695	0.310036	0.546247	0.1808	0.151743	0.269678
4	4	15	0.3746	0.321935	0.526124	0.1923	0.165510	0.272378
4	4	16	0.3784	0.339457	0.505948	0.1959	0.175633	0.265060
4	4	17	0.3718	0.328282	0.501309	0.1966	0.173806	0.268457
4	5	2	0.3032	0.206452	0.743172	0.1524	0.104089	0.377578
4	5	3	0.3170	0.219730	0.732860	0.1639	0.113775	0.383689
4	5	4	0.3397	0.243659	0.713660	0.1628	0.116632	0.347704
4	5	5	0.3319	0.237036	0.697866	0.1735	0.124036	0.367758
4	5	6	0.3528	0.258812	0.683784	0.1708	0.125553	0.335312
4	5	7	0.3624	0.272991	0.661408	0.1881	0.141502	0.348658
4	5	8	0.3821	0.302852	0.626425	0.1859	0.147176	0.308118
4	5	9	0.3689	0.290758	0.615340	0.1872	0.147926	0.314633
4	5	10	0.3684	0.293198	0.600982	0.1788	0.143579	0.290856
4	5	11	0.3643	0.294406	0.588306	0.1894	0.153459	0.309481
4	5	12	0.3705	0.306279	0.565498	0.1866	0.154678	0.287184
4	5	13	0.3625	0.298245	0.554494	0.1918	0.157920	0.296997
4	5	14	0.3736	0.317828	0.542176	0.1915	0.162870	0.280732
4	5	15	0.3761	0.325848	0.525227	0.2015	0.173904	0.286473
4	5	16	0.3880	0.350627	0.502487	0.1988	0.179089	0.260784
4	5	17	0.3722	0.332078	0.494531	0.2041	0.181438	0.274449
4	6	2	0.3245	0.228047	0.717967	0.1492	0.105420	0.329978
4	6	3	0.3479	0.254221	0.700421	0.1690	0.123386	0.344116
4	6	4	0.3562	0.263718	0.686213	0.1599	0.118129	0.314239
4	6	5	0.3636	0.274219	0.674721	0.1724	0.129673	0.326616
4	6	6	0.3731	0.285857	0.661486	0.1711	0.131168	0.307400
4	6	7	0.3840	0.300848	0.645731	0.1826	0.143022	0.312111
4	6	8	0.3905	0.314298	0.620636	0.1804	0.145359	0.289978
4	6	9	0.3889	0.316598	0.605582	0.1874	0.152542	0.295179
4	6	10	0.3881	0.320998	0.592202	0.1863	0.154507	0.286464
4	6	11	0.3897	0.325842	0.583813	0.1899	0.159609	0.286078
4	6	12	0.3897	0.333243	0.561898	0.1909	0.163584	0.278093
4	6	13	0.3933	0.338560	0.547869	0.1998	0.171847	0.281319
4	6	14	0.3918	0.347361	0.527808	0.1950	0.173202	0.264790
4	6	15	0.3920	0.354972	0.509347	0.2083	0.188855	0.273237
4	6	16	0.4008	0.367989	0.506802	0.2012	0.184543	0.256587
4	6	17	0.3900	0.361800	0.488218	0.2090	0.193211	0.264365
4	7	2	0.3472	0.255295	0.684162	0.1675	0.122972	0.333756
4	7	3	0.3601	0.268929	0.679378	0.1802	0.134211	0.345382
4	7	4	0.3803	0.293910	0.662869	0.1795	0.138938	0.314700
4	7	5	0.3731	0.289527	0.649488	0.1839	0.142351	0.326446
4	7	6	0.3839	0.301620	0.642620	0.1803	0.141396	0.304360
4	7	7	0.3866	0.308847	0.632499	0.1912	0.152254	0.318616
4	7	8	0.3999	0.331170	0.603770	0.1896	0.156470	0.290586
4	7	9	0.3924	0.326682	0.590959	0.1978	0.164837	0.301827
4	7	10	0.3971	0.333551	0.580148	0.1942	0.163019	0.286637
4	7	11	0.4028	0.343924	0.573975	0.2053	0.174845	0.296554
4	7	12	0.4035	0.355713	0.549309	0.1985	0.174250	0.275102
4	7	13	0.4052	0.360933	0.542934	0.2088	0.185247	0.285727
4	7	14	0.4029	0.364884	0.524754	0.2040	0.184762	0.268614
4	7	15	0.4011	0.366945	0.513604	0.2148	0.195361	0.280120
4	7	16	0.4083	0.386958	0.494373	0.2174	0.204902	0.267084
4	7	17	0.3995	0.378754	0.488801	0.2150	0.203197	0.266813
4	8	2	0.3746	0.292369	0.646708	0.1712	0.133688	0.299112
4	8	3	0.3900	0.312036	0.641614	0.1772	0.141584	0.295463
4	8	4	0.3997	0.322979	0.633719	0.1837	0.148017	0.294628
4	8	5	0.4002	0.326966	0.621683	0.1838	0.150469	0.288089
4	8	6	0.4006	0.332947	0.605064	0.1822	0.151509	0.277017
4	8	7	0.4112	0.346087	0.608389	0.1898	0.158978	0.285267
4	8	8	0.4085	0.345320	0.593041	0.1871	0.157858	0.274783
4	8	9	0.4140	0.353767	0.584732	0.1916	0.162928	0.276346
4	8	10	0.4139	0.361467	0.570781	0.1903	0.166212	0.265580
4	8	11	0.4209	0.370045	0.568749	0.1994	0.174514	0.273335
4	8	12	0.4198	0.377125	0.549208	0.2000	0.178624	0.266030
4	8	13	0.4191	0.382439	0.536359	0.2019	0.183306	0.262335
4	8	14	0.4215	0.389363	0.525151	0.2029	0.186845	0.256587
4	8	15	0.4228	0.397587	0.513098	0.2105	0.196547	0.258844
4	8	16	0.4206	0.405469	0.497126	0.2108	0.201711	0.253269
4	8	17	0.4184	0.406808	0.487838	0.2135	0.206347	0.253124
4	9	2	0.3620	0.282961	0.629698	0.1734	0.136050	0.303540
4	9	3	0.3748	0.298842	0.617108	0.1833	0.146801	0.306735
4	9	4	0.3894	0.318486	0.603410	0.1860	0.152341	0.289734
4	9	5	0.3964	0.328178	0.600867	0.1903	0.158328	0.292583
4	9	6	0.4044	0.341258	0.593361	0.1914	0.161906	0.283600
4	9	7	0.4035	0.342598	0.582532	0.1940	0.165051	0.285456
4	9	8	0.4123	0.358660	0.571616	0.1957	0.170387	0.274125
4	9	9	0.4105	0.354299	0.571209	0.1991	0.171647	0.281592
4	9	10	0.4071	0.359102	0.550285	0.2002	0.176674	0.273503
4	9	11	0.4066	0.362720	0.541709	0.2024	0.180690	0.273355
4	9	12	0.4155	0.378106	0.535271	0.2054	0.186152	0.268876
4	9	13	0.4150	0.378119	0.532043	0.2069	0.187938	0.270081
4	9	14	0.4136	0.383980	0.512914	0.2096	0.194904	0.262604
4	9	15	0.4175	0.392036	0.506268	0.2131	0.200066	0.262496
4	9	16	0.4191	0.404935	0.490131	0.2133	0.205912	0.252912
4	9	17	0.4111	0.400255	0.481840	0.2154	0.207896	0.257340
4	10	2	0.3646	0.288074	0.611782	0.1700	0.134765	0.288151
4	10	3	0.3855	0.315136	0.606006	0.1836	0.150028	0.291927
4	10	4	0.3960	0.330155	0.594462	0.1831	0.153145	0.276751
4	10	5	0.3974	0.336398	0.579484	0.1887	0.159836	0.277646
4	10	6	0.4054	0.349256	0.574406	0.1877	0.162363	0.267366
4	10	7	0.4127	0.360816	0.567163	0.1959	0.170968	0.272706
4	10	8	0.4159	0.366577	0.560706	0.1935	0.170977	0.262756
4	10	9	0.4151	0.368917	0.553185	0.2012	0.178830	0.271328
4	10	10	0.4167	0.372437	0.548023	0.1985	0.176842	0.264946
4	10	11	0.4166	0.377935	0.539356	0.2036	0.184735	0.265642
4	10	12	0.4190	0.385432	0.530392	0.2016	0.185405	0.257893
4	10	13	0.4211	0.391577	0.522662	0.2079	0.192334	0.262454
4	10	14	0.4209	0.394692	0.515114	0.2033	0.189967	0.252471
4	10	15	0.4233	0.403019	0.505425	0.2102	0.199121	0.254688
4	10	16	0.4225	0.407839	0.494487	0.2111	0.202678	0.250423
4	10	17	0.4244	0.412780	0.491449	0.2143	0.207644	0.251860
4	11	2	0.3664	0.297143	0.591392	0.1768	0.143817	0.286824
4	11	3	0.3721	0.309522	0.574018	0.1855	0.154864	0.289685
4	11	4	0.3914	0.333468	0.567226	0.1908	0.163222	0.278713
4	11	5	0.3938	0.339298	0.563169	0.1963	0.169575	0.284658
4	11	6	0.4031	0.351066	0.558287	0.1951	0.170920	0.271939
4	11	7	0.4071	0.359846	0.552406	0.2014	0.177621	0.277908
4	11	8	0.4148	0.376901	0.533604	0.2049	0.186125	0.266347
4	11	9	0.4077	0.367877	0.532614	0.2044	0.183903	0.270260
4	11	10	0.4087	0.370195	0.526802	0.2018	0.182043	0.263846
4	11	11	0.4110	0.374589	0.528422	0.2049	0.185943	0.267182
4	11	12	0.4129	0.384643	0.513565	0.2057	0.190201	0.260061
4	11	13	0.4089	0.385375	0.502797	0.2089	0.196458	0.260415
4	11	14	0.4111	0.388687	0.499123	0.2060	0.194163	0.254137
4	11	15	0.4132	0.397671	0.491241	0.2132	0.203827	0.257787
4	11	16	0.4194	0.411140	0.480842	0.2165	0.211060	0.251927
4	11	17	0.4138	0.404496	0.476452	0.2174	0.210877	0.255819
4	12	2	0.3784	0.319003	0.569655	0.1815	0.153312	0.275551
4	12	3	0.3868	0.329459	0.563654	0.1867	0.159446	0.273140
4	12	4	0.3897	0.337904	0.548738	0.1886	0.163985	0.266759
4	12	5	0.3972	0.351353	0.540068	0.1938	0.170933	0.267823
4	12	6	0.4048	0.365279	0.531956	0.1926	0.174232	0.254643
4	12	7	0.4147	0.376778	0.535123	0.2035	0.185226	0.263956
4	12	8	0.4156	0.382498	0.522587	0.2019	0.185506	0.257508
4	12	9	0.4172	0.387998	0.519107	0.2053	0.191452	0.257284
4	12	10	0.4196	0.392653	0.517699	0.2026	0.189192	0.251935
4	12	11	0.4131	0.387313	0.510428	0.2070	0.193124	0.258553
4	12	12	0.4136	0.391935	0.502873	0.2054	0.194153	0.252510
4	12	13	0.4132	0.396761	0.492159	0.2082	0.198360	0.252370
4	12	14	0.4188	0.404379	0.491201	0.2077	0.200581	0.245874
4	12	15	0.4182	0.410307	0.481126	0.2117	0.206321	0.247664
4	12	16	0.4223	0.418331	0.478710	0.2089	0.205058	0.241828
4	12	17	0.4192	0.417605	0.470730	0.2137	0.211639	0.243254
4	13	2	0.3736	0.318562	0.550750	0.1859	0.159731	0.274546
4	13	3	0.3788	0.328726	0.537291	0.1895	0.164802	0.272929
4	13	4	0.3990	0.354900	0.536741	0.1967	0.175629	0.266842
4	13	5	0.4005	0.360776	0.531491	0.2000	0.180418	0.269263
4	13	6	0.4061	0.370207	0.522896	0.2029	0.184995	0.264295
4	13	7	0.4079	0.380804	0.511556	0.2048	0.191444	0.260130
4	13	8	0.4183	0.394467	0.509251	0.2057	0.192834	0.254452
4	13	9	0.4112	0.387958	0.504076	0.2061	0.193102	0.258423
4	13	10	0.4120	0.389841	0.503332	0.2041	0.192711	0.253634
4	13	11	0.4057	0.385448	0.491528	0.2080	0.196250	0.257145
4	13	12	0.4148	0.397252	0.494551	0.2068	0.196973	0.250063
4	13	13	0.4099	0.397195	0.482340	0.2084	0.200192	0.250841
4	13	14	0.4164	0.406215	0.483000	0.2116	0.204555	0.250566
4	13	15	0.4179	0.411071	0.479286	0.2164	0.211537	0.252449
4	13	16	0.4133	0.417671	0.457508	0.2157	0.216406	0.242848
4	13	17	0.4136	0.418182	0.458856	0.2150	0.215816	0.243894
4	14	2	0.3768	0.327270	0.531682	0.1861	0.162883	0.263143
4	14	3	0.3904	0.351371	0.520250	0.1950	0.176270	0.261530
4	14	4	0.3987	0.364434	0.511164	0.1995	0.182083	0.258194
4	14	5	0.4081	0.378413	0.513540	0.1987	0.184125	0.253110
4	14	6	0.4115	0.386090	0.504367	0.2015	0.189828	0.248590
4	14	7	0.4101	0.388925	0.496452	0.2029	0.192257	0.247926
4	14	8	0.4183	0.402811	0.493767	0.2060	0.197342	0.246601
4	14	9	0.4187	0.404730	0.490613	0.2049	0.196801	0.243284
4	14	10	0.4163	0.404717	0.486561	0.2072	0.201067	0.244744
4	14	11	0.4122	0.400566	0.481883	0.2064	0.199770	0.242883
4	14	12	0.4166	0.410568	0.478688	0.2102	0.206221	0.244725
4	14	13	0.4148	0.409558	0.472763	0.2121	0.208642	0.244405
4	14	14	0.4130	0.411821	0.466468	0.2107	0.210533	0.239499
4	14	15	0.4236	0.429139	0.466790	0.2164	0.217939	0.241270
4	14	16	0.4156	0.423794	0.454974	0.2116	0.215003	0.234293
4	14	17	0.4139	0.424064	0.450129	0.2152	0.219879	0.236570
4	15	2	0.3838	0.343478	0.512186	0.1909	0.171526	0.255787
4	15	3	0.3924	0.358213	0.503665	0.1987	0.181419	0.258768
4	15	4	0.4010	0.376737	0.493465	0.1964	0.183970	0.244188
4	15	5	0.4020	0.379324	0.492373	0.2036	0.191830	0.252702
4	15	6	0.4064	0.387890	0.488746	0.2025	0.192908	0.245876
4	15	7	0.4118	0.397214	0.488096	0.2077	0.199747	0.249514
4	15	8	0.4153	0.407070	0.478739	0.2076	0.202193	0.243383
4	15	9	0.4126	0.405330	0.476736	0.2131	0.208275	0.250342
4	15	10	0.4149	0.410257	0.475865	0.2096	0.207112	0.242614
4	15	11	0.4098	0.402972	0.470893	0.2129	0.208485	0.248876
4	15	12	0.4180	0.416117	0.470088	0.2127	0.210752	0.242172
4	15	13	0.4140	0.414990	0.464714	0.2146	0.214521	0.244664
4	15	14	0.4191	0.423654	0.464612	0.2169	0.218022	0.244131
4	15	15	0.4156	0.423658	0.458973	0.2164	0.218932	0.243577
4	15	16	0.4150	0.428776	0.449158	0.2151	0.221159	0.236079
4	15	17	0.4182	0.433438	0.451020	0.2226	0.228571	0.245898
4	16	2	0.3894	0.362135	0.488846	0.1958	0.182324	0.248247
4	16	3	0.3985	0.379891	0.483414	0.1999	0.190887	0.244514
4	16	4	0.4020	0.386769	0.478526	0.2017	0.192524	0.243489
4	16	5	0.4092	0.397565	0.478550	0.2024	0.196715	0.239081
4	16	6	0.4106	0.404555	0.472567	0.2033	0.199258	0.237464
4	16	7	0.4110	0.407136	0.466992	0.2080	0.205790	0.238939
4	16	8	0.4098	0.411049	0.458982	0.2089	0.208427	0.237881
4	16	9	0.4186	0.420966	0.465760	0.2106	0.210200	0.238924
4	16	10	0.4122	0.416363	0.457369	0.2092	0.209630	0.236408
4	16	11	0.4187	0.426790	0.459867	0.2101	0.213693	0.233433
4	16	12	0.4190	0.427246	0.457324	0.2132	0.215612	0.236482
4	16	13	0.4101	0.421789	0.445188	0.2101	0.215070	0.231542
4	16	14	0.4126	0.428242	0.442957	0.2119	0.218956	0.230634
4	16	15	0.4102	0.429447	0.438037	0.2143	0.222898	0.232588
4	16	16	0.4109	0.432535	0.435424	0.2155	0.224630	0.232895
4	16	17	0.4103	0.431548	0.431793	0.2144	0.224207	0.229320
4	17	2	0.3824	0.353083	0.486028	0.1947	0.180255	0.249114
4	17	3	0.3879	0.368545	0.475114	0.1996	0.189153	0.248490
4	17	4	0.3968	0.385154	0.468100	0.2029	0.197278	0.241808
4	17	5	0.3962	0.387147	0.462587	0.2051	0.199352	0.243566
4	17	6	0.4010	0.397447	0.460655	0.2067	0.204713	0.239689
4	17	7	0.4057	0.405741	0.459162	0.2086	0.207697	0.240663
4	17	8	0.4045	0.411277	0.446735	0.2088	0.211064	0.234036
4	17	9	0.4047	0.409519	0.452226	0.2096	0.211037	0.239152
4	17	10	0.4081	0.414779	0.451898	0.2118	0.213279	0.238400
4	17	11	0.4007	0.408343	0.443307	0.2107	0.213758	0.238029
4	17	12	0.4119	0.427016	0.445203	0.2134	0.220421	0.232779
4	17	13	0.4031	0.419169	0.436654	0.2116	0.219349	0.232366
4	17	14	0.4089	0.424035	0.440139	0.2149	0.221784	0.234471
4	17	15	0.4086	0.428786	0.433603	0.2171	0.226642	0.233910
4	17	16	0.4103	0.434699	0.430441	0.2164	0.227220	0.231830
4	17	17	0.4065	0.434036	0.424930	0.2196	0.233254	0.233084
5	2	2	0.2090	0.123859	0.869990	0.1078	0.064154	0.457835
5	2	3	0.2378	0.144451	0.861243	0.1269	0.077463	0.463988
5	2	4	0.2677	0.169778	0.808555	0.1266	0.080241	0.389990
5	2	5	0.2659	0.168309	0.799221	0.1347	0.085800	0.407570
5	2	6	0.2811	0.182264	0.767647	0.1312	0.085313	0.362839
5	2	7	0.2997	0.199604	0.744323	0.1461	0.098048	0.364658
5	2	8	0.3253	0.229810	0.694995	0.1457	0.102750	0.318198
5	2	9	0.3067	0.210679	0.698065	0.1479	0.102200	0.339554
5	2	10	0.2986	0.206175	0.678874	0.1402	0.097002	0.323619
5	2	11	0.2992	0.209270	0.662435	0.1461	0.102772	0.323174
5	2	12	0.3149	0.227040	0.646498	0.1468	0.106271	0.304349
5	2	13	0.3026	0.217966	0.615522	0.1500	0.108915	0.306458
5	2	14	0.3144	0.233275	0.596695	0.1509	0.112602	0.289093
5	2	15	0.3218	0.244305	0.572333	0.1613	0.123084	0.290501
5	2	16	0.3331	0.264886	0.542172	0.1640	0.130839	0.270742
5	2	17	0.3229	0.250755	0.552504	0.1603	0.125009	0.277132
5	3	2	0.2386	0.146142	0.846884	0.1248	0.076584	0.449787
5	3	3	0.2509	0.154812	0.851711	0.1431	0.088366	0.492908
5	3	4	0.2848	0.183189	0.799371	0.1393	0.089719	0.396544
5	3	5	0.2864	0.187306	0.774668	0.1552	0.101415	0.427315
5	3	6	0.3046	0.204176	0.750923	0.1489	0.099853	0.371691
5	3	7	0.3157	0.215164	0.729655	0.1643	0.112141	0.384564
5	3	8	0.3405	0.246160	0.682012	0.1642	0.119091	0.333391
5	3	9	0.3216	0.229171	0.677434	0.1653	0.118617	0.348529
5	3	10	0.3247	0.232109	0.666830	0.1577	0.113650	0.323069
5	3	11	0.3158	0.225865	0.647924	0.1617	0.116028	0.334392
5	3	12	0.3253	0.241621	0.618569	0.1610	0.120405	0.306524
5	3	13	0.3195	0.236089	0.613253	0.1642	0.122014	0.316165
5	3	14	0.3318	0.252569	0.591563	0.1674	0.128209	0.298997
5	3	15	0.3364	0.261849	0.572687	0.1749	0.136403	0.300349
5	3	16	0.3480	0.285181	0.534067	0.1778	0.146065	0.274784
5	3	17	0.3362	0.265047	0.546777	0.1747	0.138274	0.286136
5	4	2	0.2723	0.173837	0.803482	0.1299	0.082977	0.392339
5	4	3	0.2907	0.189349	0.799826	0.1481	0.096628	0.412704
5	4	4	0.3031	0.200785	0.778827	0.1371	0.090961	0.357335
5	4	5	0.3163	0.213315	0.764449	0.1548	0.104196	0.382485
5	4	6	0.3366	0.235030	0.740634	0.1484	0.103037	0.334255
5	4	7	0.3521	0.251789	0.715532	0.1683	0.119903	0.347933
5	4	8	0.3677	0.273660	0.682352	0.1636	0.121516	0.308339
5	4	9	0.3584	0.265640	0.670457	0.1710	0.126857	0.324865
5	4	10	0.3496	0.260128	0.652706	0.1627	0.121470	0.307190
5	4	11	0.3453	0.257673	0.641830	0.1731	0.129829	0.322610
5	4	12	0.3500	0.265127	0.626453	0.1681	0.127547	0.305026
5	4	13	0.3513	0.272478	0.599672	0.1758	0.136596	0.301589
5	4	14	0.3545	0.280466	0.576653	0.1747	0.138233	0.287077
5	4	15	0.3666	0.295198	0.569652	0.1841	0.148014	0.289530
5	4	16	0.3708	0.309359	0.546548	0.1803	0.150423	0.269711
5	4	17	0.3609	0.303573	0.534582	0.1844	0.154757	0.275562
5	5	2	0.2873	0.188226	0.776436	0.1448	0.094994	0.397568
5	5	3	0.2991	0.199322	0.762078	0.1560	0.104001	0.403939
5	5	4	0.3208	0.219838	0.743885	0.1549	0.105943	0.364248
5	5	5	0.3194	0.218684	0.737973	0.1659	0.113273	0.390670
5	5	6	0.3396	0.239837	0.718018	0.1644	0.115886	0.352372
5	5	7	0.3489	0.249758	0.701197	0.1816	0.129800	0.371277
5	5	8	0.3709	0.280204	0.665873	0.1803	0.136144	0.327738
5	5	9	0.3569	0.266407	0.651958	0.1788	0.133166	0.333164
5	5	10	0.3584	0.271580	0.635954	0.1705	0.129413	0.305601
5	5	11	0.3560	0.270747	0.628902	0.1818	0.138615	0.324304
5	5	12	0.3579	0.279247	0.600947	0.1763	0.137695	0.297678
5	5	13	0.3561	0.279637	0.587607	0.1821	0.143237	0.303687
5	5	14	0.3617	0.289496	0.570644	0.1815	0.145262	0.289323
5	5	15	0.3660	0.299156	0.553407	0.1899	0.154796	0.292490
5	5	16	0.3700	0.312329	0.531515	0.1887	0.159610	0.273252
5	5	17	0.3642	0.305127	0.532278	0.1880	0.157811	0.278365
5	6	2	0.3109	0.211361	0.752195	0.1440	0.097756	0.355678
5	6	3	0.3313	0.229637	0.738748	0.1588	0.110071	0.361131
5	6	4	0.3457	0.245333	0.723121	0.1557	0.110150	0.331114
5	6	5	0.3510	0.251835	0.711973	0.1648	0.117623	0.342410
5	6	6	0.3599	0.261579	0.700257	0.1581	0.114461	0.314689
5	6	7	0.3722	0.277036	0.682109	0.1764	0.131084	0.327939
5	6	8	0.3822	0.292223	0.662799	0.1724	0.131382	0.304803
5	6	9	0.3846	0.298103	0.648447	0.1758	0.136140	0.301265
5	6	10	0.3815	0.296507	0.634563	0.1776	0.139054	0.296824
5	6	11	0.3819	0.301531	0.619110	0.1804	0.142685	0.295608
5	6	12	0.3814	0.306720	0.600855	0.1789	0.144020	0.285150
5	6	13	0.3858	0.314564	0.588328	0.1874	0.152957	0.289243
5	6	14	0.3815	0.316153	0.561952	0.1837	0.152094	0.273166
5	6	15	0.3856	0.324951	0.551523	0.1951	0.164656	0.281748
5	6	16	0.3917	0.337973	0.537122	0.1951	0.167966	0.272219
5	6	17	0.3816	0.328140	0.526229	0.1937	0.166238	0.271164
5	7	2	0.3345	0.235394	0.723396	0.1578	0.110822	0.347165
5	7	3	0.3483	0.249024	0.717779	0.1726	0.123145	0.361709
5	7	4	0.3650	0.267836	0.698534	0.1674	0.122459	0.325944
5	7	5	0.3654	0.270271	0.691716	0.1797	0.132648	0.346880
5	7	6	0.3699	0.275873	0.679712	0.1742	0.130063	0.322829
5	7	7	0.3707	0.278729	0.668636	0.1834	0.137189	0.338399
5	7	8	0.3910	0.306513	0.644842	0.1804	0.140929	0.302463
5	7	9	0.3876	0.302708	0.639542	0.1880	0.146981	0.315994
5	7	10	0.3930	0.313886	0.619126	0.1839	0.146973	0.292346
5	7	11	0.3892	0.314955	0.598815	0.1923	0.154770	0.302656
5	7	12	0.3976	0.328677	0.588494	0.1915	0.157384	0.288999
5	7	13	0.3931	0.329566	0.571249	0.2010	0.167162	0.298515
5	7	14	0.3948	0.335464	0.558183	0.1937	0.164228	0.278825
5	7	15	0.3985	0.342581	0.551597	0.2042	0.173937	0.288785
5	7	16	0.4044	0.357922	0.534937	0.2028	0.179774	0.270619
5	7	17	0.3928	0.348605	0.520605	0.2013	0.177630	0.271285
5	8	2	0.3599	0.265996	0.685771	0.1637	0.121212	0.316068
5	8	3	0.3753	0.282025	0.680927	0.1679	0.126000	0.309889
5	8	4	0.3856	0.295452	0.670561	0.1705	0.130700	0.300485
5	8	5	0.3928	0.305227	0.660677	0.1788	0.138881	0.305998
5	8	6	0.3961	0.312024	0.649756	0.1760	0.138478	0.294112
5	8	7	0.3993	0.317960	0.641333	0.1802	0.142903	0.295112
5	8	8	0.4037	0.323573	0.637113	0.1801	0.144075	0.288871
5	8	9	0.4099	0.333648	0.625991	0.1874	0.151692	0.292500
5	8	10	0.4090	0.334618	0.612053	0.1846	0.150594	0.280993
5	8	11	0.4138	0.343278	0.603269	0.1927	0.159017	0.285918
5	8	12	0.4128	0.348837	0.584901	0.1917	0.161334	0.275885
5	8	13	0.4148	0.354637	0.574951	0.1953	0.165612	0.276360
5	8	14	0.4178	0.363786	0.562521	0.1928	0.167232	0.264447
5	8	15	0.4222	0.374044	0.552577	0.2032	0.178500	0.271210
5	8	16	0.4182	0.376756	0.532535	0.2021	0.180157	0.263532
5	8	17	0.4131	0.376035	0.521859	0.2058	0.186129	0.263999
5	9	2	0.3522	0.261538	0.670446	0.1663	0.123952	0.320420
5	9	3	0.3620	0.273888	0.651080	0.1728	0.130806	0.317178
5	9	4	0.3857	0.299687	0.644718	0.1786	0.138955	0.301954
5	9	5	0.3833	0.301191	0.634590	0.1786	0.140272	0.302038
5	9	6	0.3904	0.308510	0.632013	0.1791	0.141920	0.294080
5	9	7	0.3943	0.317422	0.620572	0.1857	0.149435	0.297948
5	9	8	0.4063	0.331921	0.610739	0.1873	0.152946	0.284737
5	9	9	0.3980	0.326585	0.602084	0.1914	0.156374	0.296630
5	9	10	0.4014	0.332044	0.592815	0.1894	0.156272	0.284807
5	9	11	0.4061	0.339659	0.589218	0.1950	0.162772	0.287355
5	9	12	0.4099	0.348844	0.571630	0.1972	0.167698	0.278831
5	9	13	0.4040	0.346034	0.559749	0.2009	0.170774	0.284376
5	9	14	0.4094	0.357654	0.550970	0.1988	0.172844	0.272553
5	9	15	0.4098	0.361803	0.540362	0.2030	0.178480	0.272878
5	9	16	0.4169	0.376927	0.527187	0.2076	0.187159	0.266675
5	9	17	0.4050	0.366367	0.517166	0.2012	0.181147	0.262052
5	10	2	0.3511	0.262809	0.650505	0.1626	0.122349	0.302954
5	10	3	0.3728	0.288420	0.639821	0.1736	0.134198	0.301829
5	10	4	0.3811	0.299906	0.626303	0.1741	0.137059	0.287968
5	10	5	0.3961	0.318853	0.621285	0.1823	0.146292	0.290008
5	10	6	0.3981	0.322673	0.612208	0.1812	0.147167	0.280979
5	10	7	0.4055	0.334045	0.603935	0.1917	0.157368	0.289511
5	10	8	0.4070	0.337739	0.595664	0.1859	0.154613	0.274546
5	10	9	0.4100	0.343412	0.590710	0.1902	0.159201	0.277993
5	10	10	0.4047	0.340198	0.580942	0.1902	0.159300	0.277653
5	10	11	0.4073	0.345239	0.575364	0.1935	0.163444	0.276849
5	10	12	0.4144	0.356246	0.569097	0.1943	0.166623	0.269495
5	10	13	0.4127	0.360477	0.552974	0.2001	0.174077	0.272853
5	10	14	0.4153	0.369329	0.542464	0.1981	0.175194	0.263039
5	10	15	0.4173	0.375120	0.533747	0.2027	0.181256	0.263089
5	10	16	0.4170	0.375880	0.526887	0.2028	0.181264	0.261034
5	10	17	0.4174	0.384737	0.513690	0.2068	0.189126	0.258498
5	11	2	0.3547	0.272760	0.628107	0.1702	0.131229	0.304892
5	11	3	0.3705	0.289535	0.623558	0.1789	0.139637	0.307193
5	11	4	0.3889	0.313724	0.611243	0.1828	0.147422	0.290752
5	11	5	0.3859	0.312792	0.601205	0.1844	0.149043	0.293390
5	11	6	0.3948	0.324832	0.590758	0.1878	0.155124	0.283839
5	11	7	0.4005	0.334374	0.584738	0.1958	0.162525	0.291619
5	11	8	0.4083	0.348097	0.573377	0.1950	0.165805	0.277658
