45.85	70.73	48.84	8	1.00	0.01
55.04	44.75	77.88	8	1.00	0.02
56.60	45.73	80.08	8	1.00	0.03
57.80	46.50	81.59	8	1.00	0.04
58.49	47.02	82.91	8	1.00	0.05
58.93	47.38	83.21	8	1.00	0.06
58.74	47.24	83.11	8	1.00	0.07
58.69	47.09	83.47	8	1.00	0.08
58.61	46.78	83.89	8	1.00	0.09
45.72	70.74	48.49	8	1.50	0.01
54.67	44.39	77.54	8	1.50	0.02
57.90	47.06	81.10	8	1.50	0.03
57.97	46.72	81.93	8	1.50	0.04
58.86	47.53	83.22	8	1.50	0.05
58.90	47.37	83.52	8	1.50	0.06
58.51	46.86	83.47	8	1.50	0.07
58.53	46.84	83.65	8	1.50	0.08
58.21	46.46	83.60	8	1.50	0.09
45.94	70.91	48.46	8	2.00	0.01
53.94	44.02	76.00	8	2.00	0.02
57.59	46.73	80.79	8	2.00	0.03
57.42	46.31	80.74	8	2.00	0.04
57.43	46.04	81.65	8	2.00	0.05
57.37	45.99	81.76	8	2.00	0.06
57.72	46.26	82.26	8	2.00	0.07
57.31	45.68	82.33	8	2.00	0.08
57.42	45.78	82.63	8	2.00	0.09
46.11	71.05	49.02	8	2.50	0.01
55.57	45.62	77.67	8	2.50	0.02
58.79	48.10	81.59	8	2.50	0.03
59.87	48.73	83.24	8	2.50	0.04
59.99	48.78	83.61	8	2.50	0.05
58.98	47.58	83.00	8	2.50	0.06
58.65	47.08	83.07	8	2.50	0.07
58.51	46.84	83.35	8	2.50	0.08
58.31	46.59	83.30	8	2.50	0.09
46.26	71.19	48.95	8	3.00	0.01
55.40	45.53	77.43	8	3.00	0.02
58.78	48.11	81.45	8	3.00	0.03
58.81	47.69	82.17	8	3.00	0.04
58.87	47.74	82.35	8	3.00	0.05
58.48	47.18	82.23	8	3.00	0.06
58.79	47.36	82.88	8	3.00	0.07
58.49	46.94	82.80	8	3.00	0.08
57.90	46.39	82.63	8	3.00	0.09
46.15	71.18	48.54	8	3.50	0.01
55.52	45.79	77.11	8	3.50	0.02
58.33	47.84	80.82	8	3.50	0.03
58.15	47.29	80.96	8	3.50	0.04
58.70	47.78	81.70	8	3.50	0.05
57.87	46.72	81.28	8	3.50	0.06
57.99	46.71	81.81	8	3.50	0.07
58.30	46.88	82.44	8	3.50	0.08
58.11	46.79	82.14	8	3.50	0.09
46.06	71.13	48.39	8	4.00	0.01
54.44	44.83	75.57	8	4.00	0.02
57.60	47.23	79.56	8	4.00	0.03
57.63	47.00	79.72	8	4.00	0.04
57.75	46.88	80.55	8	4.00	0.05
57.52	46.51	80.50	8	4.00	0.06
57.43	46.30	80.73	8	4.00	0.07
57.41	46.11	81.19	8	4.00	0.08
57.11	45.75	81.17	8	4.00	0.09
45.85	70.98	47.99	8	4.50	0.01
55.35	45.97	75.97	8	4.50	0.02
59.64	49.14	81.63	8	4.50	0.03
59.22	48.62	81.25	8	4.50	0.04
59.03	48.13	81.59	8	4.50	0.05
58.64	47.56	81.64	8	4.50	0.06
58.52	47.33	81.89	8	4.50	0.07
58.58	47.37	81.82	8	4.50	0.08
58.35	47.03	81.88	8	4.50	0.09
46.40	71.55	47.81	9	1.00	0.01
56.26	47.04	75.72	9	1.00	0.02
58.77	49.05	78.64	9	1.00	0.03
59.55	49.44	79.92	9	1.00	0.04
60.45	50.21	81.37	9	1.00	0.05
60.84	50.56	81.53	9	1.00	0.06
61.04	50.69	81.67	9	1.00	0.07
60.36	49.94	81.48	9	1.00	0.08
60.92	50.29	82.61	9	1.00	0.09
46.53	71.71	48.03	9	1.50	0.01
55.56	46.52	74.80	9	1.50	0.02
59.39	49.75	78.95	9	1.50	0.03
59.88	50.03	79.86	9	1.50	0.04
60.74	50.62	81.08	9	1.50	0.05
60.14	49.97	80.93	9	1.50	0.06
60.64	50.20	81.78	9	1.50	0.07
60.23	49.78	81.40	9	1.50	0.08
59.82	49.33	81.24	9	1.50	0.09
46.07	71.37	47.27	9	2.00	0.01
55.40	46.50	74.31	9	2.00	0.02
59.21	49.68	78.68	9	2.00	0.03
59.16	49.33	78.94	9	2.00	0.04
59.28	49.23	79.57	9	2.00	0.05
59.24	49.17	79.68	9	2.00	0.06
59.28	48.93	80.19	9	2.00	0.07
59.72	49.19	80.89	9	2.00	0.08
59.42	48.90	80.91	9	2.00	0.09
47.06	72.21	48.54	9	2.50	0.01
57.24	48.56	75.82	9	2.50	0.02
60.95	51.68	79.88	9	2.50	0.03
61.88	51.77	81.94	9	2.50	0.04
61.96	51.92	81.86	9	2.50	0.05
61.22	51.14	81.29	9	2.50	0.06
61.39	51.13	81.90	9	2.50	0.07
60.92	50.46	81.84	9	2.50	0.08
60.58	50.12	81.58	9	2.50	0.09
46.54	71.74	47.85	9	3.00	0.01
57.00	48.28	75.45	9	3.00	0.02
60.59	51.16	79.90	9	3.00	0.03
60.85	51.00	80.57	9	3.00	0.04
60.68	50.69	80.59	9	3.00	0.05
60.85	50.76	80.81	9	3.00	0.06
60.70	50.51	80.89	9	3.00	0.07
60.85	50.57	81.45	9	3.00	0.08
60.32	49.91	81.23	9	3.00	0.09
46.64	71.88	47.80	9	3.50	0.01
56.79	48.21	75.11	9	3.50	0.02
60.48	51.17	79.35	9	3.50	0.03
60.11	50.42	79.39	9	3.50	0.04
60.23	50.47	79.77	9	3.50	0.05
60.07	50.30	79.35	9	3.50	0.06
60.81	50.66	80.59	9	3.50	0.07
60.59	50.47	80.51	9	3.50	0.08
60.00	49.82	80.25	9	3.50	0.09
46.42	71.71	47.48	9	4.00	0.01
56.00	47.52	74.25	9	4.00	0.02
60.13	50.98	78.67	9	4.00	0.03
59.97	50.58	78.55	9	4.00	0.04
59.56	49.85	78.68	9	4.00	0.05
59.62	49.90	78.71	9	4.00	0.06
60.12	50.20	79.54	9	4.00	0.07
59.99	49.96	79.73	9	4.00	0.08
59.77	49.56	80.03	9	4.00	0.09
46.81	72.04	47.92	9	4.50	0.01
56.58	48.38	74.10	9	4.50	0.02
61.93	52.91	80.01	9	4.50	0.03
61.11	51.83	79.55	9	4.50	0.04
61.73	52.18	80.56	9	4.50	0.05
61.13	51.32	80.33	9	4.50	0.06
61.02	51.14	80.37	9	4.50	0.07
60.90	50.90	80.44	9	4.50	0.08
60.78	50.83	80.38	9	4.50	0.09
46.61	72.00	46.96	10	1.00	0.01
56.66	48.63	73.05	10	1.00	0.02
60.33	51.94	76.82	10	1.00	0.03
61.21	52.46	78.27	10	1.00	0.04
62.62	53.70	80.03	10	1.00	0.05
62.66	53.67	80.05	10	1.00	0.06
62.80	53.65	80.32	10	1.00	0.07
62.67	53.55	80.24	10	1.00	0.08
63.28	54.11	81.18	10	1.00	0.09
47.03	72.40	47.48	10	1.50	0.01
56.59	48.82	72.61	10	1.50	0.02
61.32	53.26	77.32	10	1.50	0.03
61.30	52.80	77.99	10	1.50	0.04
62.77	54.10	79.70	10	1.50	0.05
61.93	53.06	79.49	10	1.50	0.06
61.91	52.91	79.47	10	1.50	0.07
62.10	52.95	79.91	10	1.50	0.08
62.23	53.10	80.05	10	1.50	0.09
46.58	72.11	46.64	10	2.00	0.01
57.30	49.75	73.00	10	2.00	0.02
60.41	52.27	76.64	10	2.00	0.03
60.92	52.46	77.47	10	2.00	0.04
61.32	52.76	77.93	10	2.00	0.05
61.21	52.53	78.16	10	2.00	0.06
61.38	52.31	78.81	10	2.00	0.07
61.33	52.19	78.87	10	2.00	0.08
61.53	52.21	79.47	10	2.00	0.09
47.20	72.62	47.47	10	2.50	0.01
58.38	50.90	73.87	10	2.50	0.02
62.71	54.67	78.43	10	2.50	0.03
63.36	54.75	79.82	10	2.50	0.04
63.47	54.85	80.02	10	2.50	0.05
63.15	54.58	79.72	10	2.50	0.06
63.79	55.06	80.59	10	2.50	0.07
63.45	54.69	80.52	10	2.50	0.08
63.39	54.47	80.65	10	2.50	0.09
47.00	72.49	46.95	10	3.00	0.01
58.57	51.18	73.89	10	3.00	0.02
62.59	54.79	77.93	10	3.00	0.03
62.45	54.06	78.63	10	3.00	0.04
62.91	54.39	79.18	10	3.00	0.05
62.92	54.49	78.96	10	3.00	0.06
62.80	54.02	79.55	10	3.00	0.07
63.20	54.36	79.97	10	3.00	0.08
63.04	54.04	80.21	10	3.00	0.09
47.09	72.60	46.99	10	3.50	0.01
57.84	50.59	72.98	10	3.50	0.02
62.46	54.60	77.93	10	3.50	0.03
62.19	53.80	78.13	10	3.50	0.04
62.92	54.67	78.82	10	3.50	0.05
62.65	54.36	78.55	10	3.50	0.06
63.07	54.77	79.00	10	3.50	0.07
62.91	54.50	78.89	10	3.50	0.08
61.94	53.41	78.34	10	3.50	0.09
46.74	72.36	46.42	10	4.00	0.01
56.89	49.52	72.23	10	4.00	0.02
62.11	54.29	77.47	10	4.00	0.03
62.24	53.99	77.89	10	4.00	0.04
61.57	53.48	77.07	10	4.00	0.05
61.34	53.14	77.00	10	4.00	0.06
61.87	53.52	77.70	10	4.00	0.07
62.08	53.59	78.36	10	4.00	0.08
61.84	53.12	78.65	10	4.00	0.09
46.95	72.51	46.72	10	4.50	0.01
57.73	50.47	72.77	10	4.50	0.02
63.60	56.23	77.95	10	4.50	0.03
62.99	55.02	78.31	10	4.50	0.04
63.22	55.29	78.54	10	4.50	0.05
62.85	54.66	78.47	10	4.50	0.06
63.60	55.34	79.32	10	4.50	0.07
62.91	54.49	78.71	10	4.50	0.08
62.60	54.01	78.90	10	4.50	0.09
47.03	72.73	46.11	11	1.00	0.01
57.93	51.36	71.24	11	1.00	0.02
61.47	54.45	75.17	11	1.00	0.03
62.90	55.57	76.76	11	1.00	0.04
64.19	56.82	78.07	11	1.00	0.05
64.17	56.87	77.97	11	1.00	0.06
64.54	57.14	78.59	11	1.00	0.07
64.58	57.16	78.60	11	1.00	0.08
65.01	57.47	79.38	11	1.00	0.09
47.46	73.08	46.85	11	1.50	0.01
58.18	51.86	71.31	11	1.50	0.02
62.45	55.66	75.77	11	1.50	0.03
63.01	55.97	76.59	11	1.50	0.04
64.42	57.28	78.10	11	1.50	0.05
64.16	56.79	78.28	11	1.50	0.06
63.85	56.64	77.65	11	1.50	0.07
63.85	56.45	77.96	11	1.50	0.08
63.39	55.96	77.76	11	1.50	0.09
47.01	72.82	46.04	11	2.00	0.01
58.30	51.94	71.30	11	2.00	0.02
62.34	55.75	75.29	11	2.00	0.03
63.08	56.28	76.22	11	2.00	0.04
63.09	56.04	76.63	11	2.00	0.05
62.97	55.70	76.69	11	2.00	0.06
63.37	55.94	77.23	11	2.00	0.07
63.66	56.29	77.49	11	2.00	0.08
63.77	56.44	77.68	11	2.00	0.09
47.55	73.23	46.86	11	2.50	0.01
60.14	53.96	72.83	11	2.50	0.02
64.23	57.76	76.81	11	2.50	0.03
65.32	58.39	78.52	11	2.50	0.04
65.17	58.10	78.71	11	2.50	0.05
65.16	58.27	78.21	11	2.50	0.06
65.38	58.23	78.87	11	2.50	0.07
64.77	57.64	78.32	11	2.50	0.08
64.97	57.99	78.42	11	2.50	0.09
47.36	73.16	46.30	11	3.00	0.01
59.47	53.29	72.22	11	3.00	0.02
64.28	57.80	76.77	11	3.00	0.03
64.55	57.65	77.55	11	3.00	0.04
65.53	58.66	78.47	11	3.00	0.05
64.75	57.96	77.73	11	3.00	0.06
64.80	57.91	77.92	11	3.00	0.07
64.79	57.83	78.09	11	3.00	0.08
64.58	57.42	78.21	11	3.00	0.09
47.35	73.19	46.08	11	3.50	0.01
58.43	52.47	70.73	11	3.50	0.02
64.70	58.62	76.77	11	3.50	0.03
64.69	57.90	77.48	11	3.50	0.04
64.34	57.57	77.28	11	3.50	0.05
64.62	58.19	77.34	11	3.50	0.06
64.37	57.74	77.14	11	3.50	0.07
64.04	57.17	77.19	11	3.50	0.08
63.39	56.53	76.58	11	3.50	0.09
46.86	72.74	45.65	11	4.00	0.01
58.38	52.32	70.76	11	4.00	0.02
63.81	57.80	75.74	11	4.00	0.03
63.62	56.81	76.57	11	4.00	0.04
63.21	56.53	76.02	11	4.00	0.05
63.42	56.94	76.10	11	4.00	0.06
62.90	56.18	75.78	11	4.00	0.07
63.58	56.78	76.66	11	4.00	0.08
63.29	56.15	76.85	11	4.00	0.09
47.37	73.31	45.93	11	4.50	0.01
58.69	52.85	70.78	11	4.50	0.02
65.55	59.57	77.16	11	4.50	0.03
65.12	58.84	77.04	11	4.50	0.04
65.17	58.83	77.45	11	4.50	0.05
65.30	59.01	77.53	11	4.50	0.06
65.08	58.42	77.66	11	4.50	0.07
64.48	57.79	77.16	11	4.50	0.08
63.96	57.08	77.01	11	4.50	0.09
47.56	73.55	45.74	12	1.00	0.01
58.24	52.77	69.34	12	1.00	0.02
62.19	56.44	73.42	12	1.00	0.03
64.18	58.29	75.27	12	1.00	0.04
65.15	59.25	76.22	12	1.00	0.05
66.01	60.28	76.96	12	1.00	0.06
65.64	59.83	76.85	12	1.00	0.07
65.66	59.75	77.04	12	1.00	0.08
65.80	59.68	77.59	12	1.00	0.09
47.59	73.48	46.08	12	1.50	0.01
59.17	54.08	69.79	12	1.50	0.02
63.47	58.10	74.20	12	1.50	0.03
64.43	58.80	75.51	12	1.50	0.04
65.37	59.73	76.38	12	1.50	0.05
66.00	60.37	76.92	12	1.50	0.06
65.37	59.70	76.34	12	1.50	0.07
65.66	59.97	76.68	12	1.50	0.08
64.69	58.81	76.26	12	1.50	0.09
47.70	73.77	45.85	12	2.00	0.01
58.66	53.78	68.99	12	2.00	0.02
63.59	58.29	74.14	12	2.00	0.03
65.40	60.06	76.03	12	2.00	0.04
65.01	59.35	75.99	12	2.00	0.05
64.22	58.49	75.28	12	2.00	0.06
65.03	59.42	76.07	12	2.00	0.07
65.04	59.30	76.22	12	2.00	0.08
64.13	58.37	75.51	12	2.00	0.09
48.06	74.03	46.38	12	2.50	0.01
60.81	55.90	71.20	12	2.50	0.02
65.43	60.46	75.46	12	2.50	0.03
66.24	60.79	76.69	12	2.50	0.04
66.78	61.35	77.36	12	2.50	0.05
66.64	61.17	77.31	12	2.50	0.06
66.83	61.82	76.99	12	2.50	0.07
66.12	60.82	76.68	12	2.50	0.08
66.33	61.01	77.03	12	2.50	0.09
48.04	74.10	46.09	12	3.00	0.01
59.85	55.01	70.16	12	3.00	0.02
65.01	60.08	74.99	12	3.00	0.03
65.77	60.65	75.91	12	3.00	0.04
66.49	61.01	77.25	12	3.00	0.05
66.05	60.56	76.77	12	3.00	0.06
66.02	60.78	76.39	12	3.00	0.07
65.83	60.43	76.41	12	3.00	0.08
65.48	59.81	76.50	12	3.00	0.09
48.29	74.34	46.17	12	3.50	0.01
59.25	54.40	69.51	12	3.50	0.02
65.57	61.06	75.07	12	3.50	0.03
65.49	60.32	75.68	12	3.50	0.04
65.54	60.23	75.95	12	3.50	0.05
66.10	61.17	76.12	12	3.50	0.06
65.20	59.92	75.49	12	3.50	0.07
64.82	59.43	75.30	12	3.50	0.08
64.11	58.71	74.76	12	3.50	0.09
47.35	73.50	45.26	12	4.00	0.01
59.16	54.56	69.09	12	4.00	0.02
64.77	60.15	74.36	12	4.00	0.03
64.90	59.71	75.21	12	4.00	0.04
64.59	59.26	74.93	12	4.00	0.05
64.37	59.27	74.65	12	4.00	0.06
64.65	59.57	74.79	12	4.00	0.07
64.87	59.53	75.41	12	4.00	0.08
64.23	58.67	75.12	12	4.00	0.09
47.89	74.06	45.71	12	4.50	0.01
59.65	55.32	69.18	12	4.50	0.02
66.57	62.02	75.88	12	4.50	0.03
66.28	61.46	76.10	12	4.50	0.04
66.43	61.63	76.13	12	4.50	0.05
66.57	61.80	76.25	12	4.50	0.06
66.65	61.59	76.73	12	4.50	0.07
65.99	60.83	76.12	12	4.50	0.08
65.57	60.11	76.15	12	4.50	0.09
47.60	73.93	44.90	13	1.00	0.01
59.14	54.92	68.15	13	1.00	0.02
63.19	58.73	72.12	13	1.00	0.03
64.98	60.40	74.03	13	1.00	0.04
66.02	61.41	75.15	13	1.00	0.05
66.84	62.40	75.77	13	1.00	0.06
66.63	62.36	75.33	13	1.00	0.07
66.57	62.22	75.55	13	1.00	0.08
66.64	61.97	76.03	13	1.00	0.09
47.85	74.16	45.27	13	1.50	0.01
59.39	55.40	68.11	13	1.50	0.02
64.23	60.10	72.97	13	1.50	0.03
65.56	61.11	74.45	13	1.50	0.04
66.06	61.60	75.09	13	1.50	0.05
66.86	62.47	75.66	13	1.50	0.06
66.64	62.07	75.73	13	1.50	0.07
66.41	61.82	75.64	13	1.50	0.08
65.41	60.79	74.80	13	1.50	0.09
47.99	74.33	45.29	13	2.00	0.01
58.68	54.86	67.23	13	2.00	0.02
64.53	60.62	72.85	13	2.00	0.03
66.19	62.14	74.78	13	2.00	0.04
65.67	61.18	74.70	13	2.00	0.05
65.11	60.68	74.10	13	2.00	0.06
65.41	61.04	74.41	13	2.00	0.07
65.45	61.01	74.53	13	2.00	0.08
65.04	60.64	74.23	13	2.00	0.09
48.14	74.53	45.25	13	2.50	0.01
61.23	57.60	69.43	13	2.50	0.02
65.90	61.99	74.22	13	2.50	0.03
66.76	62.74	75.08	13	2.50	0.04
67.70	63.52	76.39	13	2.50	0.05
67.46	63.23	76.16	13	2.50	0.06
67.70	63.74	76.09	13	2.50	0.07
67.40	63.61	75.70	13	2.50	0.08
67.11	63.08	75.81	13	2.50	0.09
48.16	74.60	45.25	13	3.00	0.01
60.11	56.33	68.55	13	3.00	0.02
65.47	61.64	73.77	13	3.00	0.03
66.65	62.73	74.85	13	3.00	0.04
66.85	62.70	75.48	13	3.00	0.05
66.93	62.82	75.46	13	3.00	0.06
67.04	63.07	75.41	13	3.00	0.07
66.95	62.88	75.44	13	3.00	0.08
66.34	62.14	74.97	13	3.00	0.09
48.25	74.71	45.15	13	3.50	0.01
59.43	55.89	67.66	13	3.50	0.02
66.02	62.58	73.73	13	3.50	0.03
65.50	61.68	73.73	13	3.50	0.04
66.66	62.70	74.92	13	3.50	0.05
66.65	62.81	74.96	13	3.50	0.06
66.54	62.75	74.63	13	3.50	0.07
66.23	62.16	74.71	13	3.50	0.08
64.99	60.55	73.92	13	3.50	0.09
47.96	74.42	45.00	13	4.00	0.01
59.21	55.54	67.68	13	4.00	0.02
65.05	61.50	72.94	13	4.00	0.03
65.75	61.85	73.95	13	4.00	0.04
65.85	61.82	74.21	13	4.00	0.05
65.16	61.26	73.45	13	4.00	0.06
65.30	61.35	73.70	13	4.00	0.07
65.53	61.35	74.05	13	4.00	0.08
65.14	60.87	73.83	13	4.00	0.09
48.18	74.78	44.99	13	4.50	0.01
60.23	57.10	67.98	13	4.50	0.02
66.76	63.41	74.40	13	4.50	0.03
66.87	63.34	74.84	13	4.50	0.04
67.74	64.16	75.65	13	4.50	0.05
67.36	63.59	75.26	13	4.50	0.06
67.74	63.72	76.07	13	4.50	0.07
66.65	62.75	74.87	13	4.50	0.08
66.43	62.27	75.09	13	4.50	0.09
47.85	74.48	44.46	14	1.00	0.01
59.78	56.63	67.02	14	1.00	0.02
62.94	59.58	70.19	14	1.00	0.03
65.28	61.69	72.92	14	1.00	0.04
66.28	62.68	73.99	14	1.00	0.05
67.10	63.48	74.68	14	1.00	0.06
66.85	63.47	74.26	14	1.00	0.07
67.27	63.83	74.78	14	1.00	0.08
66.91	63.26	74.72	14	1.00	0.09
47.95	74.53	44.59	14	1.50	0.01
59.67	56.75	66.90	14	1.50	0.02
64.56	61.44	71.75	14	1.50	0.03
65.74	62.39	73.06	14	1.50	0.04
66.66	63.31	74.04	14	1.50	0.05
66.88	63.66	74.14	14	1.50	0.06
67.13	63.79	74.38	14	1.50	0.07
67.46	64.14	74.78	14	1.50	0.08
66.61	63.32	74.10	14	1.50	0.09
48.22	74.91	44.63	14	2.00	0.01
59.47	57.00	66.12	14	2.00	0.02
65.22	62.46	71.99	14	2.00	0.03
66.27	63.13	73.35	14	2.00	0.04
66.30	63.08	73.56	14	2.00	0.05
66.11	62.80	73.46	14	2.00	0.06
66.03	62.64	73.49	14	2.00	0.07
66.29	63.08	73.39	14	2.00	0.08
65.40	62.12	72.76	14	2.00	0.09
48.34	75.15	44.55	14	2.50	0.01
61.40	58.88	67.90	14	2.50	0.02
66.48	63.59	73.22	14	2.50	0.03
66.72	63.78	73.52	14	2.50	0.04
67.94	64.96	74.79	14	2.50	0.05
67.69	64.91	74.39	14	2.50	0.06
68.44	65.47	75.42	14	2.50	0.07
67.42	64.54	74.28	14	2.50	0.08
67.52	64.60	74.34	14	2.50	0.09
48.51	75.33	44.73	14	3.00	0.01
60.16	57.41	67.08	14	3.00	0.02
65.98	63.18	72.72	14	3.00	0.03
67.24	64.39	73.99	14	3.00	0.04
67.57	64.59	74.49	14	3.00	0.05
67.26	64.24	74.23	14	3.00	0.06
67.05	63.89	74.18	14	3.00	0.07
67.34	64.52	74.11	14	3.00	0.08
66.77	63.54	73.91	14	3.00	0.09
48.29	75.28	44.29	14	3.50	0.01
59.61	57.21	66.16	14	3.50	0.02
66.33	63.81	72.70	14	3.50	0.03
66.10	63.29	72.79	14	3.50	0.04
67.44	64.66	73.97	14	3.50	0.05
67.20	64.51	73.75	14	3.50	0.06
67.18	64.35	73.93	14	3.50	0.07
67.10	64.12	74.06	14	3.50	0.08
66.29	63.01	73.48	14	3.50	0.09
48.24	75.18	44.32	14	4.00	0.01
59.72	57.27	66.31	14	4.00	0.02
65.28	62.79	71.69	14	4.00	0.03
66.12	63.38	72.77	14	4.00	0.04
66.23	63.13	73.21	14	4.00	0.05
65.47	62.68	72.14	14	4.00	0.06
66.05	63.09	72.94	14	4.00	0.07
66.20	63.14	73.14	14	4.00	0.08
65.57	62.45	72.55	14	4.00	0.09
48.18	75.10	44.25	14	4.50	0.01
59.55	57.17	66.02	14	4.50	0.02
66.97	64.62	73.11	14	4.50	0.03
66.97	64.43	73.43	14	4.50	0.04
68.29	65.67	74.61	14	4.50	0.05
67.78	64.99	74.37	14	4.50	0.06
68.62	65.65	75.47	14	4.50	0.07
67.66	64.66	74.53	14	4.50	0.08
67.20	64.17	74.14	14	4.50	0.09
47.79	74.77	43.58	15	1.00	0.01
59.37	57.07	65.19	15	1.00	0.02
63.06	60.66	69.02	15	1.00	0.03
65.06	62.54	71.12	15	1.00	0.04
66.21	64.05	72.03	15	1.00	0.05
67.16	64.73	73.11	15	1.00	0.06
66.89	64.55	72.76	15	1.00	0.07
67.22	65.01	73.00	15	1.00	0.08
67.75	65.46	73.62	15	1.00	0.09
48.20	75.18	44.10	15	1.50	0.01
59.73	57.85	65.33	15	1.50	0.02
64.32	62.17	70.15	15	1.50	0.03
66.19	63.97	71.97	15	1.50	0.04
66.44	64.15	72.39	15	1.50	0.05
67.08	64.64	73.08	15	1.50	0.06
67.62	65.14	73.57	15	1.50	0.07
67.90	65.55	73.89	15	1.50	0.08
66.95	64.68	72.92	15	1.50	0.09
48.43	75.47	44.10	15	2.00	0.01
59.14	57.48	64.58	15	2.00	0.02
65.40	63.75	70.70	15	2.00	0.03
66.77	64.83	72.25	15	2.00	0.04
66.71	64.45	72.56	15	2.00	0.05
66.95	64.76	72.76	15	2.00	0.06
66.29	64.07	72.15	15	2.00	0.07
66.73	64.49	72.56	15	2.00	0.08
65.77	63.55	71.65	15	2.00	0.09
48.49	75.68	43.97	15	2.50	0.01
61.50	59.98	66.68	15	2.50	0.02
65.98	64.25	71.34	15	2.50	0.03
67.26	65.41	72.74	15	2.50	0.04
68.20	66.44	73.46	15	2.50	0.05
67.99	66.26	73.37	15	2.50	0.06
68.33	66.48	73.87	15	2.50	0.07
68.30	66.53	73.71	15	2.50	0.08
67.82	66.04	73.33	15	2.50	0.09
48.46	75.66	43.94	15	3.00	0.01
59.72	58.33	64.87	15	3.00	0.02
66.48	65.04	71.52	15	3.00	0.03
67.47	65.88	72.63	15	3.00	0.04
68.21	66.22	73.75	15	3.00	0.05
67.84	65.89	73.42	15	3.00	0.06
67.62	65.57	73.26	15	3.00	0.07
67.47	65.41	73.13	15	3.00	0.08
67.48	65.25	73.23	15	3.00	0.09
48.23	75.53	43.54	15	3.50	0.01
59.42	57.90	64.69	15	3.50	0.02
66.22	64.89	71.06	15	3.50	0.03
66.43	64.61	71.75	15	3.50	0.04
67.59	65.72	72.96	15	3.50	0.05
67.15	65.20	72.60	15	3.50	0.06
67.23	65.44	72.57	15	3.50	0.07
66.84	64.90	72.31	15	3.50	0.08
66.41	64.25	72.16	15	3.50	0.09
48.08	75.34	43.53	15	4.00	0.01
59.71	58.21	64.92	15	4.00	0.02
65.14	63.67	70.27	15	4.00	0.03
66.52	64.98	71.59	15	4.00	0.04
66.79	64.82	72.36	15	4.00	0.05
66.63	64.61	72.23	15	4.00	0.06
66.35	64.30	71.93	15	4.00	0.07
66.64	64.66	72.05	15	4.00	0.08
65.74	63.52	71.42	15	4.00	0.09
48.07	75.47	43.28	15	4.50	0.01
59.54	58.23	64.51	15	4.50	0.02
66.53	65.11	71.47	15	4.50	0.03
66.87	65.31	71.90	15	4.50	0.04
68.13	66.51	73.27	15	4.50	0.05
67.62	65.74	73.04	15	4.50	0.06
68.50	66.71	73.75	15	4.50	0.07
68.11	65.97	73.80	15	4.50	0.08
67.83	65.84	73.37	15	4.50	0.09
47.79	75.10	43.01	16	1.00	0.01
59.50	58.41	63.82	16	1.00	0.02
62.50	61.25	67.00	16	1.00	0.03
65.24	63.84	69.91	16	1.00	0.04
66.55	65.35	71.13	16	1.00	0.05
66.78	65.41	71.47	16	1.00	0.06
67.11	65.77	71.73	16	1.00	0.07
67.25	65.85	71.93	16	1.00	0.08
67.72	66.38	72.34	16	1.00	0.09
48.08	75.43	43.27	16	1.50	0.01
58.85	57.96	63.22	16	1.50	0.02
64.44	63.39	68.91	16	1.50	0.03
66.10	64.81	70.68	16	1.50	0.04
66.48	65.14	71.16	16	1.50	0.05
66.67	65.33	71.40	16	1.50	0.06
66.72	65.11	71.68	16	1.50	0.07
67.61	66.15	72.32	16	1.50	0.08
66.99	65.73	71.51	16	1.50	0.09
48.23	75.68	43.22	16	2.00	0.01
58.53	57.72	62.75	16	2.00	0.02
65.50	64.91	69.52	16	2.00	0.03
66.71	65.85	70.88	16	2.00	0.04
66.41	65.18	70.92	16	2.00	0.05
67.02	65.74	71.70	16	2.00	0.06
66.72	65.58	71.28	16	2.00	0.07
66.59	65.19	71.35	16	2.00	0.08
65.82	64.35	70.71	16	2.00	0.09
47.99	75.47	42.98	16	2.50	0.01
60.60	60.20	64.32	16	2.50	0.02
65.45	65.10	69.35	16	2.50	0.03
66.88	66.18	71.07	16	2.50	0.04
68.11	67.48	72.09	16	2.50	0.05
68.30	67.41	72.50	16	2.50	0.06
68.81	67.86	73.11	16	2.50	0.07
68.88	68.04	73.18	16	2.50	0.08
68.28	67.15	72.93	16	2.50	0.09
48.71	76.26	43.58	16	3.00	0.01
59.59	59.16	63.41	16	3.00	0.02
65.86	65.39	69.78	16	3.00	0.03
67.67	67.02	71.56	16	3.00	0.04
68.03	67.13	72.29	16	3.00	0.05
68.57	67.87	72.75	16	3.00	0.06
68.04	67.14	72.47	16	3.00	0.07
67.89	66.80	72.42	16	3.00	0.08
67.81	66.79	72.18	16	3.00	0.09
48.18	75.78	42.91	16	3.50	0.01
59.30	58.89	63.05	16	3.50	0.02
65.50	64.73	69.64	16	3.50	0.03
66.70	66.11	70.60	16	3.50	0.04
67.91	67.11	72.01	16	3.50	0.05
67.57	66.91	71.56	16	3.50	0.06
68.28	67.65	72.14	16	3.50	0.07
67.09	66.28	71.22	16	3.50	0.08
66.78	65.74	71.04	16	3.50	0.09
48.19	75.77	42.98	16	4.00	0.01
58.85	58.24	62.84	16	4.00	0.02
64.96	64.44	69.01	16	4.00	0.03
66.07	65.48	70.09	16	4.00	0.04
67.12	66.22	71.25	16	4.00	0.05
67.23	66.33	71.48	16	4.00	0.06
66.61	65.35	71.13	16	4.00	0.07
66.95	66.02	71.12	16	4.00	0.08
66.35	65.19	70.91	16	4.00	0.09
48.22	75.87	42.97	16	4.50	0.01
59.44	59.09	63.20	16	4.50	0.02
66.09	65.56	70.00	16	4.50	0.03
66.42	65.89	70.34	16	4.50	0.04
67.94	67.39	71.81	16	4.50	0.05
67.89	66.84	72.19	16	4.50	0.06
67.89	66.81	72.21	16	4.50	0.07
68.24	67.16	72.62	16	4.50	0.08
67.15	66.11	71.44	16	4.50	0.09
47.66	75.30	42.34	17	1.00	0.01
59.19	59.03	62.31	17	1.00	0.02
62.36	62.07	65.68	17	1.00	0.03
64.98	64.80	68.18	17	1.00	0.04
66.51	66.56	69.55	17	1.00	0.05
67.01	66.52	70.59	17	1.00	0.06
67.06	66.63	70.58	17	1.00	0.07
67.24	66.90	70.69	17	1.00	0.08
67.26	66.92	70.77	17	1.00	0.09
47.56	75.24	42.25	17	1.50	0.01
58.64	58.84	61.80	17	1.50	0.02
63.89	63.69	67.28	17	1.50	0.03
65.87	65.87	69.10	17	1.50	0.04
66.21	65.97	69.64	17	1.50	0.05
66.40	66.20	69.76	17	1.50	0.06
66.43	65.90	70.13	17	1.50	0.07
67.01	66.65	70.52	17	1.50	0.08
66.53	66.23	70.03	17	1.50	0.09
47.60	75.36	41.98	17	2.00	0.01
57.86	58.20	60.73	17	2.00	0.02
65.28	65.79	68.00	17	2.00	0.03
66.13	66.41	69.12	17	2.00	0.04
66.00	65.97	69.09	17	2.00	0.05
66.69	66.73	69.85	17	2.00	0.06
66.67	66.45	70.02	17	2.00	0.07
66.08	65.87	69.45	17	2.00	0.08
65.73	65.44	69.27	17	2.00	0.09
47.94	75.75	42.34	17	2.50	0.01
59.87	60.30	62.59	17	2.50	0.02
64.87	65.29	67.79	17	2.50	0.03
66.36	66.75	69.25	17	2.50	0.04
67.41	67.62	70.37	17	2.50	0.05
68.12	68.22	71.15	17	2.50	0.06
68.64	68.62	71.88	17	2.50	0.07
68.40	68.57	71.36	17	2.50	0.08
68.08	68.05	71.41	17	2.50	0.09
48.28	76.17	42.54	17	3.00	0.01
58.93	59.10	61.97	17	3.00	0.02
65.29	65.86	67.99	17	3.00	0.03
67.37	67.63	70.26	17	3.00	0.04
67.48	67.61	70.54	17	3.00	0.05
68.17	68.41	71.22	17	3.00	0.06
67.99	68.20	71.13	17	3.00	0.07
67.26	66.92	70.72	17	3.00	0.08
67.55	67.35	70.88	17	3.00	0.09
48.17	76.04	42.45	17	3.50	0.01
58.16	58.57	61.05	17	3.50	0.02
66.01	66.52	68.83	17	3.50	0.03
66.01	66.13	69.10	17	3.50	0.04
67.05	67.57	69.74	17	3.50	0.05
67.41	67.67	70.37	17	3.50	0.06
67.25	67.42	70.29	17	3.50	0.07
66.56	66.59	69.63	17	3.50	0.08
66.81	66.83	69.86	17	3.50	0.09
48.19	76.15	42.34	17	4.00	0.01
58.10	58.36	61.12	17	4.00	0.02
64.83	65.27	67.78	17	4.00	0.03
66.04	66.50	68.79	17	4.00	0.04
66.82	67.32	69.50	17	4.00	0.05
66.95	67.08	70.01	17	4.00	0.06
66.65	66.58	69.80	17	4.00	0.07
66.12	66.19	69.26	17	4.00	0.08
66.11	66.08	69.37	17	4.00	0.09
48.36	76.28	42.55	17	4.50	0.01
59.05	59.68	61.67	17	4.50	0.02
65.55	66.22	68.12	17	4.50	0.03
66.55	67.12	69.16	17	4.50	0.04
67.68	68.18	70.41	17	4.50	0.05
67.39	67.29	70.51	17	4.50	0.06
68.07	68.40	70.92	17	4.50	0.07
68.12	68.56	70.72	17	4.50	0.08
67.62	67.93	70.43	17	4.50	0.09
47.46	75.34	41.73	18	1.00	0.01
58.13	58.69	60.39	18	1.00	0.02
61.67	62.21	64.08	18	1.00	0.03
64.17	65.27	66.22	18	1.00	0.04
65.55	66.45	67.65	18	1.00	0.05
66.31	67.06	68.64	18	1.00	0.06
66.35	66.99	68.78	18	1.00	0.07
66.30	66.88	68.71	18	1.00	0.08
66.70	67.47	69.00	18	1.00	0.09
47.40	75.37	41.65	18	1.50	0.01
57.57	58.31	59.98	18	1.50	0.02
63.61	64.43	65.86	18	1.50	0.03
65.60	66.65	67.67	18	1.50	0.04
66.25	67.27	68.39	18	1.50	0.05
65.89	66.86	68.08	18	1.50	0.06
66.45	67.09	68.77	18	1.50	0.07
66.52	67.36	68.73	18	1.50	0.08
65.93	66.58	68.46	18	1.50	0.09
47.38	75.34	41.46	18	2.00	0.01
57.13	58.33	59.08	18	2.00	0.02
64.03	65.31	65.92	18	2.00	0.03
65.05	66.30	66.93	18	2.00	0.04
65.29	66.51	67.10	18	2.00	0.05
66.37	67.52	68.39	18	2.00	0.06
65.63	66.38	68.02	18	2.00	0.07
65.69	66.44	67.99	18	2.00	0.08
65.29	65.99	67.71	18	2.00	0.09
47.74	75.75	41.79	18	2.50	0.01
59.95	61.42	61.63	18	2.50	0.02
64.85	66.28	66.76	18	2.50	0.03
65.64	66.77	67.76	18	2.50	0.04
67.03	68.06	68.94	18	2.50	0.05
67.91	69.21	69.72	18	2.50	0.06
68.32	69.49	70.20	18	2.50	0.07
67.90	68.92	69.85	18	2.50	0.08
67.42	68.43	69.54	18	2.50	0.09
48.35	76.41	42.30	18	3.00	0.01
58.53	59.62	60.48	18	3.00	0.02
64.75	66.20	66.54	18	3.00	0.03
66.48	67.59	68.45	18	3.00	0.04
67.20	68.26	69.15	18	3.00	0.05
67.55	68.84	69.45	18	3.00	0.06
67.05	68.12	69.02	18	3.00	0.07
67.08	68.02	69.14	18	3.00	0.08
66.95	67.89	69.03	18	3.00	0.09
47.98	76.13	41.80	18	3.50	0.01
57.40	58.59	59.32	18	3.50	0.02
64.84	66.58	66.50	18	3.50	0.03
65.05	66.31	66.96	18	3.50	0.04
66.45	67.87	68.09	18	3.50	0.05
66.88	68.17	68.69	18	3.50	0.06
66.88	68.07	68.65	18	3.50	0.07
66.88	68.25	68.53	18	3.50	0.08
66.77	67.77	68.72	18	3.50	0.09
47.90	76.07	41.71	18	4.00	0.01
57.58	58.49	59.72	18	4.00	0.02
64.58	65.90	66.47	18	4.00	0.03
65.57	66.89	67.33	18	4.00	0.04
66.17	67.54	67.90	18	4.00	0.05
66.11	67.34	67.98	18	4.00	0.06
66.11	67.15	68.14	18	4.00	0.07
65.75	66.63	67.84	18	4.00	0.08
65.69	66.59	67.77	18	4.00	0.09
48.05	76.30	41.77	18	4.50	0.01
58.34	59.66	60.15	18	4.50	0.02
64.91	66.34	66.57	18	4.50	0.03
65.87	67.09	67.69	18	4.50	0.04
67.04	68.57	68.55	18	4.50	0.05
67.49	68.83	69.16	18	4.50	0.06
67.71	69.10	69.38	18	4.50	0.07
67.44	68.87	69.07	18	4.50	0.08
67.34	68.97	68.74	18	4.50	0.09
47.71	75.88	41.56	19	1.00	0.01
57.89	59.33	59.22	19	1.00	0.02
61.51	63.04	62.85	19	1.00	0.03
63.30	65.41	64.29	19	1.00	0.04
64.91	66.70	66.07	19	1.00	0.05
65.47	67.22	66.72	19	1.00	0.06
64.83	66.41	66.33	19	1.00	0.07
65.45	67.05	66.84	19	1.00	0.08
65.76	67.63	67.08	19	1.00	0.09
47.71	75.95	41.54	19	1.50	0.01
57.85	59.60	59.19	19	1.50	0.02
62.61	64.12	64.09	19	1.50	0.03
64.45	66.21	65.75	19	1.50	0.04
65.55	67.52	66.66	19	1.50	0.05
65.59	67.86	66.49	19	1.50	0.06
66.44	68.35	67.58	19	1.50	0.07
65.81	67.75	66.91	19	1.50	0.08
66.26	68.14	67.54	19	1.50	0.09
46.95	75.20	40.61	19	2.00	0.01
57.11	59.17	58.10	19	2.00	0.02
62.73	64.76	63.89	19	2.00	0.03
64.18	66.30	65.11	19	2.00	0.04
65.06	67.03	66.09	19	2.00	0.05
65.23	67.15	66.43	19	2.00	0.06
64.94	66.63	66.27	19	2.00	0.07
64.70	66.25	66.08	19	2.00	0.08
64.25	65.75	65.83	19	2.00	0.09
47.60	75.79	41.30	19	2.50	0.01
59.28	61.16	60.37	19	2.50	0.02
64.18	66.58	65.06	19	2.50	0.03
64.83	66.84	65.96	19	2.50	0.04
66.03	68.05	67.00	19	2.50	0.05
66.92	69.23	67.63	19	2.50	0.06
67.25	69.29	68.09	19	2.50	0.07
67.07	68.98	68.07	19	2.50	0.08
66.94	68.89	67.94	19	2.50	0.09
48.26	76.56	41.83	19	3.00	0.01
58.34	60.56	59.16	19	3.00	0.02
63.75	66.00	64.74	19	3.00	0.03
65.27	67.01	66.53	19	3.00	0.04
66.45	68.39	67.54	19	3.00	0.05
66.90	69.00	67.77	19	3.00	0.06
66.23	68.29	67.12	19	3.00	0.07
66.04	67.79	67.19	19	3.00	0.08
66.52	68.32	67.62	19	3.00	0.09
47.72	76.06	41.25	19	3.50	0.01
56.82	58.60	58.08	19	3.50	0.02
63.93	66.57	64.58	19	3.50	0.03
64.82	67.07	65.53	19	3.50	0.04
65.71	67.94	66.42	19	3.50	0.05
65.94	68.31	66.55	19	3.50	0.06
66.32	68.50	67.09	19	3.50	0.07
65.98	68.23	66.70	19	3.50	0.08
65.80	67.89	66.62	19	3.50	0.09
47.45	75.89	40.89	19	4.00	0.01
57.87	59.63	59.14	19	4.00	0.02
64.36	66.57	65.30	19	4.00	0.03
64.58	66.88	65.28	19	4.00	0.04
65.15	67.47	65.91	19	4.00	0.05
65.81	68.05	66.60	19	4.00	0.06
65.47	67.27	66.58	19	4.00	0.07
64.88	66.73	65.92	19	4.00	0.08
64.94	66.74	66.03	19	4.00	0.09
48.07	76.62	41.40	19	4.50	0.01
58.21	60.32	59.14	19	4.50	0.02
63.94	66.30	64.60	19	4.50	0.03
64.94	66.82	65.89	19	4.50	0.04
66.69	68.95	67.30	19	4.50	0.05
67.34	69.82	67.86	19	4.50	0.06
67.38	69.85	67.91	19	4.50	0.07
67.21	69.65	67.73	19	4.50	0.08
66.40	68.69	67.05	19	4.50	0.09
47.38	75.78	40.89	20	1.00	0.01
57.12	59.28	57.78	20	1.00	0.02
59.99	62.27	60.59	20	1.00	0.03
62.25	65.12	62.47	20	1.00	0.04
63.61	66.39	63.89	20	1.00	0.05
64.60	67.25	64.89	20	1.00	0.06
64.56	67.24	64.96	20	1.00	0.07
64.32	66.84	64.74	20	1.00	0.08
64.78	67.60	65.07	20	1.00	0.09
47.47	76.04	40.78	20	1.50	0.01
57.62	59.96	58.40	20	1.50	0.02
61.88	64.33	62.42	20	1.50	0.03
63.50	66.26	63.77	20	1.50	0.04
65.05	68.16	65.03	20	1.50	0.05
64.64	67.70	64.65	20	1.50	0.06
65.16	67.88	65.41	20	1.50	0.07
65.39	68.40	65.38	20	1.50	0.08
65.01	67.88	65.27	20	1.50	0.09
47.24	75.88	40.34	20	2.00	0.01
56.71	59.55	56.95	20	2.00	0.02
61.83	64.85	62.04	20	2.00	0.03
63.29	65.90	63.72	20	2.00	0.04
64.04	66.79	64.23	20	2.00	0.05
64.41	67.20	64.55	20	2.00	0.06
63.65	66.43	63.94	20	2.00	0.07
63.83	66.51	64.23	20	2.00	0.08
63.40	65.91	63.93	20	2.00	0.09
47.27	75.65	40.69	20	2.50	0.01
58.13	60.80	58.49	20	2.50	0.02
63.71	66.88	63.75	20	2.50	0.03
63.91	66.77	64.20	20	2.50	0.04
64.41	67.18	64.68	20	2.50	0.05
65.56	68.81	65.36	20	2.50	0.06
65.96	68.93	65.94	20	2.50	0.07
66.30	69.21	66.31	20	2.50	0.08
66.19	68.96	66.38	20	2.50	0.09
48.02	76.58	41.20	20	3.00	0.01
57.41	60.41	57.57	20	3.00	0.02
62.61	65.63	62.80	20	3.00	0.03
64.70	67.48	64.88	20	3.00	0.04
65.18	67.90	65.45	20	3.00	0.05
65.37	68.16	65.54	20	3.00	0.06
65.44	68.34	65.50	20	3.00	0.07
65.08	67.71	65.28	20	3.00	0.08
65.20	68.09	65.29	20	3.00	0.09
47.60	76.17	40.77	20	3.50	0.01
56.26	59.00	56.70	20	3.50	0.02
63.26	66.56	63.09	20	3.50	0.03
64.29	67.51	64.03	20	3.50	0.04
65.05	68.27	64.72	20	3.50	0.05
64.85	68.12	64.60	20	3.50	0.06
65.08	68.21	64.88	20	3.50	0.07
64.93	67.88	64.90	20	3.50	0.08
65.05	68.00	65.06	20	3.50	0.09
47.42	76.07	40.56	20	4.00	0.01
55.92	58.30	56.58	20	4.00	0.02
63.36	66.53	63.30	20	4.00	0.03
63.57	66.76	63.43	20	4.00	0.04
64.75	67.86	64.59	20	4.00	0.05
65.05	68.31	64.77	20	4.00	0.06
64.72	67.66	64.68	20	4.00	0.07
64.41	67.19	64.43	20	4.00	0.08
64.25	67.01	64.31	20	4.00	0.09
47.74	76.45	40.75	20	4.50	0.01
56.84	59.74	56.97	20	4.50	0.02
63.71	66.91	63.56	20	4.50	0.03
64.88	67.99	64.64	20	4.50	0.04
65.76	69.03	65.33	20	4.50	0.05
66.27	69.72	65.78	20	4.50	0.06
66.79	70.32	66.22	20	4.50	0.07
66.33	69.59	66.02	20	4.50	0.08
65.82	69.12	65.48	20	4.50	0.09
47.22	76.00	40.19	21	1.00	0.01
56.84	59.87	56.80	21	1.00	0.02
59.61	62.88	59.25	21	1.00	0.03
61.32	64.68	60.98	21	1.00	0.04
62.67	66.13	62.17	21	1.00	0.05
63.25	66.91	62.60	21	1.00	0.06
63.37	66.66	63.03	21	1.00	0.07
63.31	66.64	62.93	21	1.00	0.08
63.62	67.31	63.05	21	1.00	0.09
47.44	76.30	40.34	21	1.50	0.01
56.71	60.14	56.48	21	1.50	0.02
61.48	64.97	61.06	21	1.50	0.03
63.14	66.94	62.48	21	1.50	0.04
63.99	67.75	63.30	21	1.50	0.05
63.92	67.64	63.21	21	1.50	0.06
64.62	68.44	63.75	21	1.50	0.07
64.00	67.89	63.21	21	1.50	0.08
63.94	67.82	63.24	21	1.50	0.09
47.09	75.99	39.87	21	2.00	0.01
55.97	59.27	55.62	21	2.00	0.02
61.36	65.06	60.86	21	2.00	0.03
62.11	65.46	61.78	21	2.00	0.04
62.57	66.31	61.87	21	2.00	0.05
63.10	66.81	62.41	21	2.00	0.06
63.38	67.22	62.61	21	2.00	0.07
62.96	66.68	62.24	21	2.00	0.08
62.60	66.04	62.15	21	2.00	0.09
47.26	76.01	40.16	21	2.50	0.01
58.00	61.65	57.51	21	2.50	0.02
62.04	65.65	61.58	21	2.50	0.03
62.84	66.47	62.31	21	2.50	0.04
63.96	67.87	63.10	21	2.50	0.05
64.81	68.79	63.78	21	2.50	0.06
65.43	69.47	64.36	21	2.50	0.07
65.99	69.95	65.03	21	2.50	0.08
65.51	69.45	64.57	21	2.50	0.09
47.48	76.29	40.34	21	3.00	0.01
56.63	60.10	56.29	21	3.00	0.02
61.63	65.28	61.08	21	3.00	0.03
63.15	66.73	62.58	21	3.00	0.04
64.41	68.09	63.76	21	3.00	0.05
64.17	67.99	63.42	21	3.00	0.06
63.93	67.54	63.17	21	3.00	0.07
64.13	67.75	63.43	21	3.00	0.08
64.35	68.13	63.59	21	3.00	0.09
47.33	76.16	40.13	21	3.50	0.01
55.84	59.31	55.62	21	3.50	0.02
62.10	66.03	61.28	21	3.50	0.03
63.54	67.47	62.54	21	3.50	0.04
64.16	68.29	63.00	21	3.50	0.05
64.42	68.61	63.28	21	3.50	0.06
64.37	68.24	63.39	21	3.50	0.07
64.52	68.28	63.69	21	3.50	0.08
64.42	68.27	63.54	21	3.50	0.09
47.11	75.97	39.89	21	4.00	0.01
55.58	58.99	55.36	21	4.00	0.02
61.88	65.71	61.10	21	4.00	0.03
63.27	67.25	62.31	21	4.00	0.04
63.92	67.95	62.84	21	4.00	0.05
64.11	68.33	62.97	21	4.00	0.06
64.27	68.22	63.27	21	4.00	0.07
63.75	67.41	62.99	21	4.00	0.08
63.41	67.07	62.71	21	4.00	0.09
47.48	76.42	40.17	21	4.50	0.01
56.16	60.01	55.41	21	4.50	0.02
62.74	66.40	62.10	21	4.50	0.03
64.34	68.40	63.20	21	4.50	0.04
65.13	69.32	63.92	21	4.50	0.05
65.73	70.17	64.35	21	4.50	0.06
66.32	70.82	64.83	21	4.50	0.07
65.73	70.03	64.62	21	4.50	0.08
65.01	69.15	64.06	21	4.50	0.09
47.14	76.27	39.64	22	1.00	0.01
56.34	60.06	55.62	22	1.00	0.02
58.65	62.59	57.60	22	1.00	0.03
60.67	64.95	59.52	22	1.00	0.04
62.21	66.47	61.01	22	1.00	0.05
62.65	67.37	61.05	22	1.00	0.06
62.24	66.33	61.10	22	1.00	0.07
61.84	65.94	60.73	22	1.00	0.08
62.24	66.70	61.00	22	1.00	0.09
47.38	76.55	39.89	22	1.50	0.01
55.52	59.55	54.70	22	1.50	0.02
60.79	64.93	59.71	22	1.50	0.03
62.09	66.71	60.56	22	1.50	0.04
62.33	66.84	60.86	22	1.50	0.05
62.64	67.05	61.25	22	1.50	0.06
63.76	68.41	62.24	22	1.50	0.07
62.96	67.65	61.35	22	1.50	0.08
63.03	67.66	61.56	22	1.50	0.09
47.34	76.41	39.88	22	2.00	0.01
55.71	59.78	54.69	22	2.00	0.02
60.36	64.92	59.04	22	2.00	0.03
61.04	65.28	59.81	22	2.00	0.04
61.59	66.12	60.09	22	2.00	0.05
62.50	67.08	61.02	22	2.00	0.06
62.09	66.31	60.88	22	2.00	0.07
62.17	66.52	60.81	22	2.00	0.08
62.12	66.47	60.89	22	2.00	0.09
46.76	75.69	39.42	22	2.50	0.01
57.15	61.44	56.09	22	2.50	0.02
61.38	65.86	60.01	22	2.50	0.03
61.97	66.51	60.57	22	2.50	0.04
62.94	67.49	61.52	22	2.50	0.05
64.06	68.70	62.49	22	2.50	0.06
64.13	69.13	62.37	22	2.50	0.07
64.92	69.84	63.18	22	2.50	0.08
64.15	68.81	62.55	22	2.50	0.09
47.00	76.01	39.55	22	3.00	0.01
56.36	60.62	55.33	22	3.00	0.02
60.97	65.19	59.82	22	3.00	0.03
62.43	66.88	61.06	22	3.00	0.04
63.41	68.10	61.87	22	3.00	0.05
63.50	68.24	61.90	22	3.00	0.06
63.73	68.40	62.07	22	3.00	0.07
63.43	67.89	62.01	22	3.00	0.08
63.36	68.13	61.79	22	3.00	0.09
47.22	76.35	39.68	22	3.50	0.01
55.12	59.28	54.09	22	3.50	0.02
61.51	65.86	60.13	22	3.50	0.03
63.28	68.19	61.48	22	3.50	0.04
63.34	68.36	61.41	22	3.50	0.05
63.01	67.75	61.36	22	3.50	0.06
63.83	68.49	62.16	22	3.50	0.07
63.74	68.26	62.25	22	3.50	0.08
63.93	68.60	62.28	22	3.50	0.09
46.85	75.91	39.39	22	4.00	0.01
55.51	59.72	54.41	22	4.00	0.02
60.58	64.93	59.23	22	4.00	0.03
62.16	66.66	60.65	22	4.00	0.04
63.29	67.98	61.62	22	4.00	0.05
63.47	68.50	61.68	22	4.00	0.06
63.83	68.46	62.22	22	4.00	0.07
63.24	67.54	61.82	22	4.00	0.08
63.05	67.60	61.54	22	4.00	0.09
46.94	76.19	39.27	22	4.50	0.01
55.75	60.15	54.38	22	4.50	0.02
61.91	66.43	60.39	22	4.50	0.03
63.17	67.81	61.57	22	4.50	0.04
64.49	69.46	62.53	22	4.50	0.05
64.87	69.92	62.89	22	4.50	0.06
65.34	70.56	63.29	22	4.50	0.07
64.83	69.95	62.94	22	4.50	0.08
63.95	68.72	62.35	22	4.50	0.09
47.16	76.61	39.27	23	1.00	0.01
54.95	59.33	53.72	23	1.00	0.02
57.52	61.92	56.03	23	1.00	0.03
59.63	64.77	57.80	23	1.00	0.04
61.45	66.85	59.36	23	1.00	0.05
61.13	66.08	59.22	23	1.00	0.06
61.01	66.03	59.20	23	1.00	0.07
61.51	66.40	59.71	23	1.00	0.08
61.50	66.65	59.61	23	1.00	0.09
47.36	76.87	39.47	23	1.50	0.01
54.41	59.02	53.01	23	1.50	0.02
60.45	65.28	58.75	23	1.50	0.03
61.79	67.34	59.57	23	1.50	0.04
61.65	67.00	59.39	23	1.50	0.05
61.74	67.00	59.49	23	1.50	0.06
62.02	67.59	59.65	23	1.50	0.07
62.22	67.61	59.84	23	1.50	0.08
61.50	66.82	59.42	23	1.50	0.09
47.14	76.49	39.35	23	2.00	0.01
55.15	59.89	53.48	23	2.00	0.02
59.84	64.92	57.99	23	2.00	0.03
60.75	65.63	58.85	23	2.00	0.04
60.72	65.67	58.84	23	2.00	0.05
61.44	66.51	59.39	23	2.00	0.06
61.69	66.64	59.65	23	2.00	0.07
61.31	66.26	59.42	23	2.00	0.08
61.25	66.31	59.39	23	2.00	0.09
46.61	75.87	38.85	23	2.50	0.01
56.33	61.28	54.68	23	2.50	0.02
60.26	65.27	58.40	23	2.50	0.03
61.84	67.28	59.61	23	2.50	0.04
62.13	67.40	59.96	23	2.50	0.05
62.89	68.32	60.73	23	2.50	0.06
62.75	68.27	60.54	23	2.50	0.07
63.32	68.58	61.18	23	2.50	0.08
63.24	68.71	61.04	23	2.50	0.09
46.85	76.16	39.04	23	3.00	0.01
55.70	60.57	54.09	23	3.00	0.02
60.02	64.86	58.29	23	3.00	0.03
61.96	67.15	59.98	23	3.00	0.04
62.87	68.30	60.70	23	3.00	0.05
62.78	68.19	60.54	23	3.00	0.06
62.81	68.10	60.59	23	3.00	0.07
62.39	67.47	60.41	23	3.00	0.08
62.35	67.63	60.24	23	3.00	0.09
47.01	76.33	39.21	23	3.50	0.01
54.87	59.72	53.23	23	3.50	0.02
60.36	65.29	58.53	23	3.50	0.03
62.40	68.04	60.02	23	3.50	0.04
62.65	68.40	60.08	23	3.50	0.05
62.34	67.62	60.07	23	3.50	0.06
63.09	68.41	60.78	23	3.50	0.07
63.07	68.50	60.78	23	3.50	0.08
62.80	68.18	60.62	23	3.50	0.09
46.75	76.12	38.89	23	4.00	0.01
54.23	58.66	52.76	23	4.00	0.02
60.01	65.19	57.97	23	4.00	0.03
61.26	66.43	59.13	23	4.00	0.04
62.26	67.68	60.05	23	4.00	0.05
62.27	67.69	60.00	23	4.00	0.06
62.00	67.34	59.75	23	4.00	0.07
62.38	67.59	60.29	23	4.00	0.08
62.20	67.54	60.13	23	4.00	0.09
46.54	76.07	38.53	23	4.50	0.01
54.89	59.93	52.95	23	4.50	0.02
61.34	66.53	59.26	23	4.50	0.03
62.54	67.80	60.45	23	4.50	0.04
63.84	69.43	61.27	23	4.50	0.05
64.35	70.15	61.72	23	4.50	0.06
64.17	69.98	61.59	23	4.50	0.07
63.18	68.73	60.80	23	4.50	0.08
63.19	68.69	60.94	23	4.50	0.09
47.17	76.84	38.99	24	1.00	0.01
53.84	58.60	52.16	24	1.00	0.02
56.76	61.74	54.86	24	1.00	0.03
58.23	63.94	55.83	24	1.00	0.04
60.36	66.33	57.76	24	1.00	0.05
59.94	65.61	57.48	24	1.00	0.06
60.09	65.79	57.65	24	1.00	0.07
60.67	66.24	58.24	24	1.00	0.08
60.53	66.11	58.13	24	1.00	0.09
47.50	77.18	39.34	24	1.50	0.01
53.59	58.75	51.71	24	1.50	0.02
58.91	64.33	56.68	24	1.50	0.03
60.71	66.56	58.08	24	1.50	0.04
61.19	67.13	58.41	24	1.50	0.05
60.63	66.32	58.00	24	1.50	0.06
60.62	66.62	57.71	24	1.50	0.07
61.31	67.64	58.30	24	1.50	0.08
60.55	66.32	57.93	24	1.50	0.09
46.91	76.52	38.82	24	2.00	0.01
54.69	60.13	52.42	24	2.00	0.02
58.87	64.28	56.66	24	2.00	0.03
59.67	65.29	57.30	24	2.00	0.04
59.91	65.54	57.40	24	2.00	0.05
61.15	66.95	58.52	24	2.00	0.06
61.11	66.70	58.67	24	2.00	0.07
61.03	66.80	58.48	24	2.00	0.08
60.45	66.21	57.95	24	2.00	0.09
46.29	75.71	38.33	24	2.50	0.01
56.27	61.96	53.87	24	2.50	0.02
60.09	65.73	57.62	24	2.50	0.03
61.05	66.83	58.41	24	2.50	0.04
60.93	66.54	58.46	24	2.50	0.05
62.10	67.86	59.48	24	2.50	0.06
61.76	67.71	59.05	24	2.50	0.07
61.84	67.93	59.00	24	2.50	0.08
62.15	68.36	59.27	24	2.50	0.09
46.71	76.31	38.60	24	3.00	0.01
55.45	61.18	53.12	24	3.00	0.02
58.99	64.42	56.75	24	3.00	0.03
61.14	66.79	58.80	24	3.00	0.04
62.20	68.09	59.53	24	3.00	0.05
61.76	67.66	59.02	24	3.00	0.06
61.35	67.12	58.69	24	3.00	0.07
61.10	66.70	58.58	24	3.00	0.08
61.30	67.13	58.75	24	3.00	0.09
46.53	76.11	38.39	24	3.50	0.01
54.58	59.98	52.43	24	3.50	0.02
59.34	64.83	56.89	24	3.50	0.03
61.55	67.57	58.77	24	3.50	0.04
61.95	67.97	59.11	24	3.50	0.05
61.52	67.62	58.63	24	3.50	0.06
61.41	67.11	58.78	24	3.50	0.07
61.53	67.35	58.86	24	3.50	0.08
62.00	67.89	59.45	24	3.50	0.09
46.46	76.13	38.22	24	4.00	0.01
54.09	59.51	51.90	24	4.00	0.02
58.66	64.24	56.29	24	4.00	0.03
61.00	66.78	58.43	24	4.00	0.04
61.33	67.51	58.52	24	4.00	0.05
61.87	67.93	59.14	24	4.00	0.06
61.00	66.98	58.32	24	4.00	0.07
61.50	67.36	58.88	24	4.00	0.08
61.29	67.36	58.61	24	4.00	0.09
45.97	75.67	37.72	24	4.50	0.01
54.47	60.20	51.99	24	4.50	0.02
60.86	66.85	58.12	24	4.50	0.03
61.68	67.60	58.99	24	4.50	0.04
63.02	69.29	60.01	24	4.50	0.05
63.20	69.96	59.91	24	4.50	0.06
62.85	69.23	59.84	24	4.50	0.07
62.40	68.76	59.39	24	4.50	0.08
62.24	68.59	59.28	24	4.50	0.09
47.09	76.94	38.68	25	1.00	0.01
53.06	58.41	50.86	25	1.00	0.02
55.42	60.71	53.20	25	1.00	0.03
57.17	63.23	54.40	25	1.00	0.04
59.05	65.45	56.05	25	1.00	0.05
58.95	65.32	55.91	25	1.00	0.06
58.52	64.58	55.71	25	1.00	0.07
59.31	65.37	56.46	25	1.00	0.08
59.36	65.43	56.58	25	1.00	0.09
47.12	77.04	38.73	25	1.50	0.01
52.96	58.56	50.62	25	1.50	0.02
58.02	63.96	55.28	25	1.50	0.03
60.25	66.66	57.13	25	1.50	0.04
60.01	66.21	57.02	25	1.50	0.05
59.80	66.06	56.71	25	1.50	0.06
60.06	66.51	56.75	25	1.50	0.07
60.63	67.51	57.19	25	1.50	0.08
60.08	66.59	56.89	25	1.50	0.09
46.75	76.61	38.40	25	2.00	0.01
54.21	60.27	51.47	25	2.00	0.02
57.59	63.31	54.94	25	2.00	0.03
58.69	64.94	55.86	25	2.00	0.04
59.56	65.61	56.73	25	2.00	0.05
60.29	66.74	57.04	25	2.00	0.06
60.14	66.33	57.19	25	2.00	0.07
59.83	66.11	56.87	25	2.00	0.08
59.70	65.98	56.77	25	2.00	0.09
45.95	75.60	37.76	25	2.50	0.01
55.37	61.77	52.34	25	2.50	0.02
59.50	65.86	56.38	25	2.50	0.03
59.57	65.80	56.44	25	2.50	0.04
60.50	66.93	57.35	25	2.50	0.05
60.89	67.07	57.86	25	2.50	0.06
60.80	67.24	57.55	25	2.50	0.07
60.90	67.52	57.58	25	2.50	0.08
60.62	67.10	57.49	25	2.50	0.09
46.80	76.64	38.43	25	3.00	0.01
54.85	61.06	52.09	25	3.00	0.02
58.20	64.37	55.35	25	3.00	0.03
59.94	66.11	57.10	25	3.00	0.04
60.27	66.45	57.38	25	3.00	0.05
60.83	67.02	57.75	25	3.00	0.06
60.44	66.81	57.36	25	3.00	0.07
60.19	66.35	57.24	25	3.00	0.08
60.45	66.71	57.49	25	3.00	0.09
46.34	76.10	37.93	25	3.50	0.01
53.83	59.85	51.17	25	3.50	0.02
58.34	64.44	55.41	25	3.50	0.03
60.76	67.20	57.58	25	3.50	0.04
60.98	67.48	57.66	25	3.50	0.05
60.22	66.59	57.01	25	3.50	0.06
60.03	66.24	57.04	25	3.50	0.07
60.23	66.73	57.06	25	3.50	0.08
60.38	67.00	57.22	25	3.50	0.09
46.33	76.25	37.80	25	4.00	0.01
54.31	60.40	51.51	25	4.00	0.02
58.00	64.08	55.09	25	4.00	0.03
59.94	66.33	56.89	25	4.00	0.04
60.35	66.69	57.31	25	4.00	0.05
60.89	67.46	57.68	25	4.00	0.06
60.21	66.77	57.14	25	4.00	0.07
60.34	67.04	57.19	25	4.00	0.08
59.97	66.75	56.82	25	4.00	0.09
45.94	75.92	37.41	25	4.50	0.01
54.12	60.38	51.15	25	4.50	0.02
59.77	65.99	56.70	25	4.50	0.03
60.32	66.53	57.33	25	4.50	0.04
62.00	69.03	58.42	25	4.50	0.05
61.94	69.16	58.24	25	4.50	0.06
61.52	68.53	58.11	25	4.50	0.07
61.22	68.12	57.73	25	4.50	0.08
61.24	68.18	57.75	25	4.50	0.09
47.02	77.13	38.33	26	1.00	0.01
51.70	57.42	49.22	26	1.00	0.02
54.60	60.37	51.91	26	1.00	0.03
56.39	62.81	53.25	26	1.00	0.04
57.33	63.81	54.17	26	1.00	0.05
58.04	64.77	54.66	26	1.00	0.06
57.87	64.55	54.50	26	1.00	0.07
58.83	65.37	55.47	26	1.00	0.08
58.55	65.29	55.24	26	1.00	0.09
47.05	77.24	38.44	26	1.50	0.01
52.82	59.10	49.93	26	1.50	0.02
57.20	63.79	53.96	26	1.50	0.03
59.22	66.14	55.66	26	1.50	0.04
59.50	66.31	56.01	26	1.50	0.05
59.33	66.21	55.71	26	1.50	0.06
58.65	65.56	55.06	26	1.50	0.07
59.46	66.77	55.68	26	1.50	0.08
59.33	66.11	55.86	26	1.50	0.09
46.42	76.51	37.81	26	2.00	0.01
53.58	60.33	50.40	26	2.00	0.02
56.56	62.85	53.50	26	2.00	0.03
58.03	65.01	54.67	26	2.00	0.04
59.09	65.79	55.74	26	2.00	0.05
59.49	66.55	55.83	26	2.00	0.06
59.80	66.51	56.30	26	2.00	0.07
58.67	65.25	55.33	26	2.00	0.08
58.64	65.05	55.44	26	2.00	0.09
45.46	75.31	37.03	26	2.50	0.01
54.43	61.41	50.91	26	2.50	0.02
58.61	65.47	55.05	26	2.50	0.03
59.23	65.98	55.72	26	2.50	0.04
60.06	66.87	56.53	26	2.50	0.05
60.44	67.28	56.89	26	2.50	0.06
59.82	66.53	56.39	26	2.50	0.07
59.98	66.87	56.42	26	2.50	0.08
59.71	66.53	56.29	26	2.50	0.09
46.39	76.30	37.94	26	3.00	0.01
54.66	61.49	51.38	26	3.00	0.02
57.83	64.64	54.50	26	3.00	0.03
58.76	65.16	55.70	26	3.00	0.04
59.75	66.44	56.40	26	3.00	0.05
60.07	67.00	56.55	26	3.00	0.06
59.95	66.89	56.40	26	3.00	0.07
59.50	66.20	56.09	26	3.00	0.08
59.52	66.19	56.24	26	3.00	0.09
45.96	76.05	37.23	26	3.50	0.01
53.72	60.33	50.62	26	3.50	0.02
57.85	64.60	54.42	26	3.50	0.03
59.62	66.43	56.08	26	3.50	0.04
60.21	67.16	56.51	26	3.50	0.05
59.10	65.83	55.64	26	3.50	0.06
58.97	65.76	55.53	26	3.50	0.07
59.71	66.75	56.10	26	3.50	0.08
59.30	66.31	55.71	26	3.50	0.09
45.69	75.70	37.05	26	4.00	0.01
53.44	59.87	50.41	26	4.00	0.02
57.15	63.59	54.06	26	4.00	0.03
58.82	65.51	55.45	26	4.00	0.04
59.40	66.02	56.04	26	4.00	0.05
59.50	66.53	55.90	26	4.00	0.06
59.29	66.25	55.81	26	4.00	0.07
59.10	66.07	55.63	26	4.00	0.08
59.02	66.24	55.49	26	4.00	0.09
45.90	76.02	37.18	26	4.50	0.01
53.09	59.55	49.99	26	4.50	0.02
58.41	64.90	55.09	26	4.50	0.03
59.82	66.57	56.46	26	4.50	0.04
61.12	68.40	57.36	26	4.50	0.05
60.40	67.85	56.51	26	4.50	0.06
60.70	68.23	56.79	26	4.50	0.07
59.96	67.37	56.09	26	4.50	0.08
60.09	67.52	56.32	26	4.50	0.09
46.24	76.50	37.39	27	1.00	0.01
50.65	56.77	47.91	27	1.00	0.02
53.47	59.70	50.46	27	1.00	0.03
55.84	62.80	52.25	27	1.00	0.04
56.93	63.98	53.33	27	1.00	0.05
57.22	64.44	53.42	27	1.00	0.06
56.75	63.79	53.17	27	1.00	0.07
57.20	64.05	53.63	27	1.00	0.08
57.97	64.92	54.33	27	1.00	0.09
47.02	77.34	38.27	27	1.50	0.01
52.24	58.98	48.96	27	1.50	0.02
56.43	64.00	52.59	27	1.50	0.03
58.03	65.32	54.19	27	1.50	0.04
57.86	65.01	54.07	27	1.50	0.05
57.86	65.23	53.93	27	1.50	0.06
57.72	65.02	53.76	27	1.50	0.07
58.02	65.61	53.95	27	1.50	0.08
57.91	64.95	54.18	27	1.50	0.09
46.37	76.71	37.50	27	2.00	0.01
53.72	61.28	49.98	27	2.00	0.02
56.19	63.20	52.62	27	2.00	0.03
56.75	63.95	53.18	27	2.00	0.04
58.21	65.27	54.49	27	2.00	0.05
58.27	65.70	54.31	27	2.00	0.06
58.75	65.78	54.96	27	2.00	0.07
57.95	64.96	54.23	27	2.00	0.08
57.77	64.74	54.17	27	2.00	0.09
45.48	75.55	36.84	27	2.50	0.01
53.91	61.52	50.02	27	2.50	0.02
57.40	64.70	53.56	27	2.50	0.03
58.04	65.13	54.27	27	2.50	0.04
58.96	66.11	55.14	27	2.50	0.05
59.45	66.62	55.59	27	2.50	0.06
59.26	66.50	55.34	27	2.50	0.07
59.29	66.76	55.25	27	2.50	0.08
58.84	65.99	55.16	27	2.50	0.09
46.43	76.67	37.64	27	3.00	0.01
53.83	61.13	50.21	27	3.00	0.02
57.12	64.38	53.48	27	3.00	0.03
57.95	64.81	54.51	27	3.00	0.04
58.94	65.92	55.33	27	3.00	0.05
59.29	66.81	55.28	27	3.00	0.06
59.08	66.41	55.23	27	3.00	0.07
58.31	65.26	54.61	27	3.00	0.08
58.64	65.94	54.93	27	3.00	0.09
45.89	76.28	36.92	27	3.50	0.01
52.99	59.97	49.65	27	3.50	0.02
57.02	64.03	53.39	27	3.50	0.03
58.15	65.52	54.16	27	3.50	0.04
58.69	66.01	54.80	27	3.50	0.05
57.98	65.46	53.98	27	3.50	0.06
58.47	65.80	54.61	27	3.50	0.07
58.14	65.37	54.32	27	3.50	0.08
58.07	65.65	54.17	27	3.50	0.09
45.85	76.16	36.95	27	4.00	0.01
52.95	59.94	49.56	27	4.00	0.02
56.54	63.35	53.18	27	4.00	0.03
57.41	64.33	53.82	27	4.00	0.04
58.36	65.45	54.62	27	4.00	0.05
58.55	65.93	54.67	27	4.00	0.06
58.10	65.61	54.22	27	4.00	0.07
57.65	65.03	53.88	27	4.00	0.08
58.01	65.75	54.03	27	4.00	0.09
45.65	76.00	36.76	27	4.50	0.01
52.82	59.95	49.32	27	4.50	0.02
57.34	64.05	53.87	27	4.50	0.03
59.15	66.78	55.19	27	4.50	0.04
60.04	67.86	55.87	27	4.50	0.05
59.90	68.27	55.40	27	4.50	0.06
59.71	67.72	55.42	27	4.50	0.07
58.67	66.94	54.29	27	4.50	0.08
58.49	66.75	54.18	27	4.50	0.09
45.83	76.28	36.83	28	1.00	0.01
49.65	56.23	46.57	28	1.00	0.02
52.90	59.71	49.42	28	1.00	0.03
55.15	62.53	51.23	28	1.00	0.04
55.84	63.38	51.83	28	1.00	0.05
56.07	63.72	52.03	28	1.00	0.06
56.25	63.66	52.30	28	1.00	0.07
56.58	64.00	52.62	28	1.00	0.08
56.83	64.27	52.88	28	1.00	0.09
46.73	77.25	37.80	28	1.50	0.01
51.67	58.97	47.96	28	1.50	0.02
54.95	62.80	50.92	28	1.50	0.03
56.74	64.39	52.65	28	1.50	0.04
56.66	64.02	52.69	28	1.50	0.05
57.03	64.84	52.74	28	1.50	0.06
56.35	63.83	52.31	28	1.50	0.07
57.38	65.60	52.87	28	1.50	0.08
56.66	64.07	52.63	28	1.50	0.09
46.47	77.06	37.41	28	2.00	0.01
53.35	61.49	49.21	28	2.00	0.02
55.24	62.61	51.40	28	2.00	0.03
56.15	63.73	52.29	28	2.00	0.04
57.20	64.74	53.22	28	2.00	0.05
57.35	65.01	53.24	28	2.00	0.06
57.33	64.93	53.22	28	2.00	0.07
56.60	64.07	52.61	28	2.00	0.08
56.60	64.16	52.57	28	2.00	0.09
45.46	75.82	36.57	28	2.50	0.01
52.67	60.53	48.69	28	2.50	0.02
56.33	64.16	52.15	28	2.50	0.03
56.81	64.32	52.74	28	2.50	0.04
57.91	65.46	53.82	28	2.50	0.05
58.21	65.77	54.04	28	2.50	0.06
57.88	65.58	53.63	28	2.50	0.07
58.41	66.44	53.96	28	2.50	0.08
57.98	66.04	53.70	28	2.50	0.09
46.40	76.92	37.36	28	3.00	0.01
53.22	60.97	49.33	28	3.00	0.02
55.80	63.20	51.89	28	3.00	0.03
57.37	64.64	53.57	28	3.00	0.04
57.92	65.52	53.90	28	3.00	0.05
58.10	65.84	53.90	28	3.00	0.06
57.62	65.21	53.55	28	3.00	0.07
56.88	64.53	52.76	28	3.00	0.08
57.02	64.88	52.92	28	3.00	0.09
45.64	76.18	36.57	28	3.50	0.01
52.28	59.95	48.41	28	3.50	0.02
56.06	63.30	52.22	28	3.50	0.03
57.27	64.99	53.02	28	3.50	0.04
57.05	64.68	52.91	28	3.50	0.05
56.97	64.92	52.71	28	3.50	0.06
57.57	65.63	53.27	28	3.50	0.07
57.12	64.93	52.92	28	3.50	0.08
56.94	64.85	52.70	28	3.50	0.09
46.14	76.73	36.94	28	4.00	0.01
52.74	60.49	48.90	28	4.00	0.02
55.39	62.46	51.76	28	4.00	0.03
56.77	64.39	52.71	28	4.00	0.04
57.09	64.49	53.18	28	4.00	0.05
57.99	65.99	53.69	28	4.00	0.06
57.63	65.73	53.34	28	4.00	0.07
57.00	64.96	52.75	28	4.00	0.08
57.03	65.40	52.61	28	4.00	0.09
45.54	76.06	36.47	28	4.50	0.01
52.21	59.81	48.45	28	4.50	0.02
56.54	63.85	52.76	28	4.50	0.03
57.55	65.31	53.43	28	4.50	0.04
58.32	66.52	53.95	28	4.50	0.05
58.57	67.25	53.88	28	4.50	0.06
58.39	66.96	53.84	28	4.50	0.07
58.07	66.87	53.33	28	4.50	0.08
57.18	65.79	52.69	28	4.50	0.09
45.49	76.09	36.34	29	1.00	0.01
49.55	56.83	46.00	29	1.00	0.02
52.12	59.43	48.30	29	1.00	0.03
54.14	61.95	49.94	29	1.00	0.04
55.30	63.28	50.98	29	1.00	0.05
55.30	63.50	50.92	29	1.00	0.06
55.44	63.68	51.01	29	1.00	0.07
55.54	63.47	51.25	29	1.00	0.08
55.69	63.69	51.47	29	1.00	0.09
46.38	77.09	37.24	29	1.50	0.01
50.53	57.91	46.83	29	1.50	0.02
53.89	61.87	49.74	29	1.50	0.03
56.29	64.75	51.72	29	1.50	0.04
55.26	62.70	51.18	29	1.50	0.05
56.04	64.32	51.45	29	1.50	0.06
55.77	63.72	51.38	29	1.50	0.07
56.00	64.29	51.40	29	1.50	0.08
56.00	63.95	51.59	29	1.50	0.09
46.47	77.28	37.21	29	2.00	0.01
52.46	60.89	48.14	29	2.00	0.02
54.16	61.83	50.12	29	2.00	0.03
55.17	62.83	51.21	29	2.00	0.04
56.17	64.19	51.86	29	2.00	0.05
56.52	64.53	52.07	29	2.00	0.06
56.48	64.57	52.11	29	2.00	0.07
55.64	63.45	51.46	29	2.00	0.08
55.46	63.06	51.35	29	2.00	0.09
45.43	75.98	36.40	29	2.50	0.01
51.77	59.65	47.74	29	2.50	0.02
55.47	63.69	51.01	29	2.50	0.03
55.66	63.31	51.44	29	2.50	0.04
56.75	64.76	52.37	29	2.50	0.05
56.65	64.79	52.20	29	2.50	0.06
56.65	64.70	52.17	29	2.50	0.07
57.01	65.62	52.27	29	2.50	0.08
56.69	65.03	52.31	29	2.50	0.09
46.33	77.02	37.13	29	3.00	0.01
52.54	60.68	48.36	29	3.00	0.02
54.86	62.65	50.63	29	3.00	0.03
56.42	64.32	52.22	29	3.00	0.04
56.73	64.44	52.60	29	3.00	0.05
56.54	64.83	52.07	29	3.00	0.06
55.99	64.12	51.60	29	3.00	0.07
55.55	63.49	51.22	29	3.00	0.08
55.72	63.63	51.52	29	3.00	0.09
45.69	76.51	36.34	29	3.50	0.01
51.35	59.34	47.24	29	3.50	0.02
55.18	63.37	50.77	29	3.50	0.03
55.82	63.67	51.53	29	3.50	0.04
56.49	64.49	52.03	29	3.50	0.05
56.29	64.90	51.60	29	3.50	0.06
56.65	65.39	51.81	29	3.50	0.07
55.88	64.39	51.21	29	3.50	0.08
55.13	63.42	50.71	29	3.50	0.09
46.05	76.78	36.75	29	4.00	0.01
52.21	60.53	47.94	29	4.00	0.02
53.96	61.60	50.00	29	4.00	0.03
55.34	63.19	51.17	29	4.00	0.04
56.37	64.53	51.92	29	4.00	0.05
56.86	65.43	52.11	29	4.00	0.06
56.35	64.80	51.80	29	4.00	0.07
56.16	64.72	51.53	29	4.00	0.08
56.04	64.97	51.31	29	4.00	0.09
45.77	76.52	36.52	29	4.50	0.01
51.71	59.79	47.64	29	4.50	0.02
55.49	63.65	51.23	29	4.50	0.03
56.37	64.52	51.98	29	4.50	0.04
57.36	66.31	52.49	29	4.50	0.05
57.12	66.17	52.25	29	4.50	0.06
57.55	66.72	52.53	29	4.50	0.07
57.15	66.33	52.08	29	4.50	0.08
56.75	65.78	51.88	29	4.50	0.09
45.49	76.24	36.19	30	1.00	0.01
49.06	56.66	45.28	30	1.00	0.02
51.57	59.23	47.44	30	1.00	0.03
53.06	61.36	48.51	30	1.00	0.04
54.56	62.90	50.07	30	1.00	0.05
54.33	62.87	49.71	30	1.00	0.06
55.00	63.64	50.30	30	1.00	0.07
54.57	62.91	50.04	30	1.00	0.08
55.46	64.37	50.67	30	1.00	0.09
45.93	76.81	36.63	30	1.50	0.01
50.63	58.56	46.60	30	1.50	0.02
53.25	61.92	48.71	30	1.50	0.03
54.91	63.55	50.22	30	1.50	0.04
54.18	62.18	49.74	30	1.50	0.05
54.94	63.56	50.08	30	1.50	0.06
54.97	63.61	50.16	30	1.50	0.07
55.32	64.14	50.37	30	1.50	0.08
55.08	63.64	50.34	30	1.50	0.09
46.20	77.19	36.80	30	2.00	0.01
51.76	60.50	47.25	30	2.00	0.02
52.61	60.66	48.35	30	2.00	0.03
54.25	62.37	49.90	30	2.00	0.04
55.40	63.94	50.73	30	2.00	0.05
55.04	63.30	50.45	30	2.00	0.06
55.32	63.81	50.67	30	2.00	0.07
54.66	62.94	50.15	30	2.00	0.08
55.01	63.28	50.48	30	2.00	0.09
45.62	76.41	36.33	30	2.50	0.01
51.72	60.16	47.32	30	2.50	0.02
54.70	63.28	50.03	30	2.50	0.03
54.86	62.92	50.34	30	2.50	0.04
55.39	63.75	50.81	30	2.50	0.05
55.65	64.33	50.86	30	2.50	0.06
55.44	63.90	50.72	30	2.50	0.07
56.20	65.28	51.16	30	2.50	0.08
55.74	64.37	51.03	30	2.50	0.09
46.13	77.02	36.74	30	3.00	0.01
51.65	60.15	47.20	30	3.00	0.02
53.94	62.08	49.48	30	3.00	0.03
55.00	63.24	50.57	30	3.00	0.04
55.50	64.10	50.85	30	3.00	0.05
55.13	63.82	50.43	30	3.00	0.06
55.23	64.00	50.38	30	3.00	0.07
54.97	63.64	50.15	30	3.00	0.08
54.73	63.50	50.00	30	3.00	0.09
45.58	76.51	36.15	30	3.50	0.01
51.20	59.47	46.89	30	3.50	0.02
53.83	62.60	49.15	30	3.50	0.03
54.38	62.73	49.85	30	3.50	0.04
55.34	64.14	50.55	30	3.50	0.05
54.99	64.10	50.10	30	3.50	0.06
55.64	64.80	50.59	30	3.50	0.07
55.49	64.47	50.49	30	3.50	0.08
54.77	63.69	49.85	30	3.50	0.09
45.73	76.64	36.29	30	4.00	0.01
51.55	60.27	47.10	30	4.00	0.02
53.26	61.44	48.94	30	4.00	0.03
54.23	62.47	49.78	30	4.00	0.04
55.17	63.76	50.49	30	4.00	0.05
55.46	64.29	50.61	30	4.00	0.06
55.63	64.58	50.67	30	4.00	0.07
55.15	64.22	50.16	30	4.00	0.08
54.70	63.73	49.85	30	4.00	0.09
46.10	77.36	36.48	30	4.50	0.01
51.38	59.99	46.91	30	4.50	0.02
54.13	62.62	49.69	30	4.50	0.03
55.53	64.02	50.93	30	4.50	0.04
56.34	65.53	51.31	30	4.50	0.05
56.06	65.44	50.88	30	4.50	0.06
56.18	65.51	50.99	30	4.50	0.07
55.86	64.99	50.71	30	4.50	0.08
55.15	64.11	50.20	30	4.50	0.09
45.06	75.89	35.66	31	1.00	0.01
49.29	57.51	45.09	31	1.00	0.02
50.56	58.25	46.47	31	1.00	0.03
52.53	61.16	47.81	31	1.00	0.04
53.42	62.12	48.64	31	1.00	0.05
53.21	62.07	48.46	31	1.00	0.06
53.37	62.00	48.66	31	1.00	0.07
53.35	61.98	48.61	31	1.00	0.08
53.66	62.43	48.96	31	1.00	0.09
45.38	76.50	35.89	31	1.50	0.01
49.96	58.16	45.75	31	1.50	0.02
52.18	61.13	47.54	31	1.50	0.03
53.52	62.46	48.61	31	1.50	0.04
53.42	61.83	48.69	31	1.50	0.05
53.48	62.31	48.57	31	1.50	0.06
53.64	62.34	48.77	31	1.50	0.07
53.93	62.86	48.92	31	1.50	0.08
54.12	63.07	49.12	31	1.50	0.09
45.89	77.04	36.41	31	2.00	0.01
50.99	59.85	46.47	31	2.00	0.02
52.03	60.47	47.49	31	2.00	0.03
52.67	60.96	48.22	31	2.00	0.04
54.27	63.02	49.46	31	2.00	0.05
54.62	63.75	49.59	31	2.00	0.06
54.79	63.91	49.72	31	2.00	0.07
53.71	62.45	48.95	31	2.00	0.08
54.10	62.95	49.27	31	2.00	0.09
45.37	76.40	35.88	31	2.50	0.01
51.52	60.61	46.73	31	2.50	0.02
53.30	62.00	48.56	31	2.50	0.03
53.77	62.22	49.03	31	2.50	0.04
54.35	63.35	49.45	31	2.50	0.05
54.51	63.69	49.43	31	2.50	0.06
54.48	63.41	49.62	31	2.50	0.07
54.91	64.18	49.77	31	2.50	0.08
54.98	64.30	49.98	31	2.50	0.09
45.75	76.68	36.34	31	3.00	0.01
51.03	59.82	46.51	31	3.00	0.02
53.48	62.27	48.65	31	3.00	0.03
53.52	62.00	48.90	31	3.00	0.04
54.59	63.57	49.72	31	3.00	0.05
54.01	62.94	49.07	31	3.00	0.06
54.00	63.18	48.99	31	3.00	0.07
53.90	63.07	48.86	31	3.00	0.08
54.03	63.07	49.07	31	3.00	0.09
45.28	76.37	35.72	31	3.50	0.01
50.28	58.99	45.77	31	3.50	0.02
52.61	61.74	47.78	31	3.50	0.03
54.34	63.54	49.31	31	3.50	0.04
54.31	63.41	49.35	31	3.50	0.05
54.59	64.20	49.33	31	3.50	0.06
54.82	64.41	49.57	31	3.50	0.07
53.95	63.19	48.85	31	3.50	0.08
54.12	63.67	48.92	31	3.50	0.09
45.40	76.45	35.84	31	4.00	0.01
50.96	60.03	46.35	31	4.00	0.02
52.07	60.44	47.62	31	4.00	0.03
52.94	61.73	48.20	31	4.00	0.04
53.81	62.64	48.94	31	4.00	0.05
54.07	63.23	49.04	31	4.00	0.06
54.80	64.21	49.60	31	4.00	0.07
54.98	64.56	49.66	31	4.00	0.08
54.01	63.27	48.92	31	4.00	0.09
45.61	76.87	35.92	31	4.50	0.01
51.03	60.10	46.31	31	4.50	0.02
53.32	62.37	48.47	31	4.50	0.03
54.58	63.47	49.74	31	4.50	0.04
54.96	64.54	49.76	31	4.50	0.05
55.32	65.05	49.96	31	4.50	0.06
55.15	64.73	49.84	31	4.50	0.07
54.80	64.33	49.45	31	4.50	0.08
54.04	63.05	49.01	31	4.50	0.09
44.91	75.87	35.39	32	1.00	0.01
48.90	57.56	44.48	32	1.00	0.02
50.33	58.53	46.02	32	1.00	0.03
51.32	60.20	46.56	32	1.00	0.04
52.91	62.15	47.96	32	1.00	0.05
52.62	61.92	47.61	32	1.00	0.06
52.95	61.93	47.99	32	1.00	0.07
52.44	61.44	47.51	32	1.00	0.08
52.36	61.19	47.64	32	1.00	0.09
45.42	76.81	35.73	32	1.50	0.01
50.03	58.95	45.41	32	1.50	0.02
51.15	60.35	46.28	32	1.50	0.03
52.34	61.58	47.29	32	1.50	0.04
51.67	60.31	46.81	32	1.50	0.05
52.32	61.59	47.16	32	1.50	0.06
52.28	61.42	47.22	32	1.50	0.07
52.93	62.25	47.66	32	1.50	0.08
53.19	62.41	48.08	32	1.50	0.09
45.53	76.88	35.87	32	2.00	0.01
50.31	59.34	45.71	32	2.00	0.02
51.55	60.47	46.76	32	2.00	0.03
52.14	60.80	47.43	32	2.00	0.04
53.26	62.47	48.28	32	2.00	0.05
53.80	63.47	48.49	32	2.00	0.06
53.33	62.71	48.12	32	2.00	0.07
52.53	61.61	47.59	32	2.00	0.08
53.44	62.71	48.42	32	2.00	0.09
45.27	76.31	35.79	32	2.50	0.01
51.08	60.59	46.09	32	2.50	0.02
52.16	61.39	47.14	32	2.50	0.03
52.98	62.11	47.83	32	2.50	0.04
53.90	63.33	48.73	32	2.50	0.05
53.32	62.65	48.15	32	2.50	0.06
53.56	62.70	48.55	32	2.50	0.07
54.27	63.91	48.87	32	2.50	0.08
53.75	63.38	48.54	32	2.50	0.09
45.54	76.64	35.97	32	3.00	0.01
50.50	59.72	45.73	32	3.00	0.02
52.66	61.84	47.62	32	3.00	0.03
52.37	61.06	47.64	32	3.00	0.04
53.29	62.36	48.31	32	3.00	0.05
53.32	62.64	48.20	32	3.00	0.06
53.29	62.71	48.11	32	3.00	0.07
53.21	62.47	48.14	32	3.00	0.08
53.13	62.57	48.05	32	3.00	0.09
45.24	76.47	35.51	32	3.50	0.01
49.47	58.44	44.76	32	3.50	0.02
52.05	61.52	46.98	32	3.50	0.03
53.45	62.96	48.24	32	3.50	0.04
53.64	62.98	48.52	32	3.50	0.05
53.52	63.33	48.20	32	3.50	0.06
53.74	63.65	48.36	32	3.50	0.07
53.54	63.27	48.16	32	3.50	0.08
53.57	63.43	48.20	32	3.50	0.09
44.83	75.92	35.24	32	4.00	0.01
50.62	59.95	45.79	32	4.00	0.02
51.69	60.64	46.79	32	4.00	0.03
52.37	61.34	47.49	32	4.00	0.04
52.98	62.07	47.96	32	4.00	0.05
53.51	63.04	48.26	32	4.00	0.06
53.59	63.14	48.34	32	4.00	0.07
53.91	63.70	48.47	32	4.00	0.08
53.30	62.81	48.06	32	4.00	0.09
45.04	76.28	35.31	32	4.50	0.01
50.40	59.79	45.61	32	4.50	0.02
52.67	62.01	47.58	32	4.50	0.03
53.28	62.35	48.37	32	4.50	0.04
53.86	63.52	48.58	32	4.50	0.05
54.31	64.22	48.81	32	4.50	0.06
54.07	64.11	48.49	32	4.50	0.07
53.76	63.81	48.19	32	4.50	0.08
53.53	63.35	48.09	32	4.50	0.09
45.04	76.32	35.31	33	1.00	0.01
47.87	56.48	43.46	33	1.00	0.02
49.12	57.60	44.65	33	1.00	0.03
50.56	59.77	45.64	33	1.00	0.04
51.74	61.17	46.62	33	1.00	0.05
51.89	61.63	46.53	33	1.00	0.06
51.90	61.18	46.79	33	1.00	0.07
51.95	61.24	46.77	33	1.00	0.08
51.71	60.87	46.68	33	1.00	0.09
45.48	77.05	35.66	33	1.50	0.01
49.34	58.50	44.58	33	1.50	0.02
50.60	60.18	45.50	33	1.50	0.03
51.42	60.98	46.25	33	1.50	0.04
50.46	59.19	45.55	33	1.50	0.05
51.01	60.25	45.86	33	1.50	0.06
51.60	61.27	46.21	33	1.50	0.07
52.33	62.23	46.72	33	1.50	0.08
52.09	61.43	46.85	33	1.50	0.09
45.57	77.00	35.84	33	2.00	0.01
49.73	59.27	44.79	33	2.00	0.02
51.08	60.36	46.01	33	2.00	0.03
51.07	60.14	46.16	33	2.00	0.04
52.08	61.85	46.81	33	2.00	0.05
52.85	63.01	47.29	33	2.00	0.06
52.52	62.09	47.16	33	2.00	0.07
51.75	61.07	46.67	33	2.00	0.08
52.49	61.93	47.38	33	2.00	0.09
45.02	76.23	35.44	33	2.50	0.01
49.92	59.59	44.89	33	2.50	0.02
51.02	60.47	45.88	33	2.50	0.03
51.40	60.75	46.20	33	2.50	0.04
52.62	62.39	47.14	33	2.50	0.05
52.98	62.92	47.43	33	2.50	0.06
53.37	63.20	47.92	33	2.50	0.07
52.71	62.30	47.34	33	2.50	0.08
53.12	62.97	47.70	33	2.50	0.09
45.16	76.37	35.49	33	3.00	0.01
50.52	60.64	45.15	33	3.00	0.02
51.86	61.53	46.55	33	3.00	0.03
51.23	60.20	46.33	33	3.00	0.04
51.94	61.01	46.90	33	3.00	0.05
52.79	62.38	47.44	33	3.00	0.06
52.75	62.31	47.44	33	3.00	0.07
52.52	62.06	47.28	33	3.00	0.08
52.38	62.06	47.11	33	3.00	0.09
45.06	76.46	35.22	33	3.50	0.01
49.01	58.36	44.12	33	3.50	0.02
51.94	61.92	46.58	33	3.50	0.03
52.28	62.15	46.86	33	3.50	0.04
52.56	62.49	47.09	33	3.50	0.05
53.29	63.64	47.65	33	3.50	0.06
53.13	63.21	47.58	33	3.50	0.07
52.49	62.40	47.03	33	3.50	0.08
52.18	62.12	46.70	33	3.50	0.09
44.49	75.62	34.84	33	4.00	0.01
50.26	60.11	45.16	33	4.00	0.02
51.26	60.70	46.10	33	4.00	0.03
51.66	60.66	46.71	33	4.00	0.04
52.58	62.05	47.35	33	4.00	0.05
52.82	62.74	47.35	33	4.00	0.06
53.04	63.14	47.47	33	4.00	0.07
52.77	62.80	47.23	33	4.00	0.08
52.65	62.77	47.03	33	4.00	0.09
44.70	76.03	34.86	33	4.50	0.01
50.59	60.69	45.39	33	4.50	0.02
52.24	62.06	46.93	33	4.50	0.03
53.14	62.91	47.75	33	4.50	0.04
53.18	63.12	47.67	33	4.50	0.05
53.71	64.04	47.95	33	4.50	0.06
53.32	63.46	47.63	33	4.50	0.07
53.44	63.84	47.62	33	4.50	0.08
52.74	63.17	46.93	33	4.50	0.09
44.75	76.10	34.98	34	1.00	0.01
47.81	57.15	43.09	34	1.00	0.02
48.90	57.73	44.16	34	1.00	0.03
50.16	59.69	44.99	34	1.00	0.04
50.19	59.76	45.00	34	1.00	0.05
51.26	61.27	45.77	34	1.00	0.06
51.50	61.19	46.17	34	1.00	0.07
51.48	61.33	46.04	34	1.00	0.08
51.20	60.81	46.00	34	1.00	0.09
45.02	76.56	35.16	34	1.50	0.01
48.60	57.95	43.72	34	1.50	0.02
49.97	59.69	44.77	34	1.50	0.03
50.60	60.52	45.26	34	1.50	0.04
49.40	58.53	44.32	34	1.50	0.05
50.42	60.20	45.04	34	1.50	0.06
50.50	60.13	45.17	34	1.50	0.07
51.84	61.97	46.11	34	1.50	0.08
51.60	61.37	46.19	34	1.50	0.09
45.33	77.00	35.43	34	2.00	0.01
48.85	58.45	43.85	34	2.00	0.02
50.22	59.60	45.09	34	2.00	0.03
50.40	59.92	45.18	34	2.00	0.04
51.40	61.48	45.94	34	2.00	0.05
52.02	62.36	46.33	34	2.00	0.06
51.80	61.87	46.24	34	2.00	0.07
51.45	61.65	45.96	34	2.00	0.08
51.62	61.33	46.36	34	2.00	0.09
44.62	75.94	34.95	34	2.50	0.01
49.04	58.85	43.91	34	2.50	0.02
49.92	59.65	44.67	34	2.50	0.03
50.82	60.50	45.41	34	2.50	0.04
51.61	61.53	46.07	34	2.50	0.05
52.55	62.99	46.69	34	2.50	0.06
52.30	62.54	46.59	34	2.50	0.07
52.54	62.60	46.88	34	2.50	0.08
52.80	62.83	47.20	34	2.50	0.09
44.91	76.33	35.13	34	3.00	0.01
50.10	60.52	44.59	34	3.00	0.02
51.44	61.54	45.88	34	3.00	0.03
50.63	60.16	45.41	34	3.00	0.04
51.53	61.39	46.13	34	3.00	0.05
52.25	62.40	46.65	34	3.00	0.06
51.77	61.77	46.19	34	3.00	0.07
51.83	61.67	46.39	34	3.00	0.08
51.46	61.32	46.11	34	3.00	0.09
44.62	76.04	34.75	34	3.50	0.01
48.45	58.24	43.31	34	3.50	0.02
51.02	61.08	45.64	34	3.50	0.03
51.62	61.52	46.15	34	3.50	0.04
52.04	62.51	46.29	34	3.50	0.05
52.55	63.16	46.71	34	3.50	0.06
52.24	62.54	46.53	34	3.50	0.07
51.47	61.33	46.00	34	3.50	0.08
51.43	61.62	45.88	34	3.50	0.09
44.30	75.50	34.59	34	4.00	0.01
50.19	60.57	44.71	34	4.00	0.02
50.64	60.38	45.37	34	4.00	0.03
50.80	60.04	45.76	34	4.00	0.04
51.32	60.95	46.00	34	4.00	0.05
52.02	62.37	46.31	34	4.00	0.06
52.90	63.68	46.97	34	4.00	0.07
51.92	62.34	46.21	34	4.00	0.08
51.49	61.59	45.95	34	4.00	0.09
44.29	75.65	34.41	34	4.50	0.01
50.56	61.03	45.10	34	4.50	0.02
51.77	62.21	46.07	34	4.50	0.03
52.35	62.68	46.61	34	4.50	0.04
52.79	63.33	46.96	34	4.50	0.05
53.10	63.87	47.07	34	4.50	0.06
52.78	63.25	46.94	34	4.50	0.07
52.59	63.38	46.65	34	4.50	0.08
52.27	62.92	46.38	34	4.50	0.09
44.88	76.40	35.01	35	1.00	0.01
46.87	56.28	42.08	35	1.00	0.02
48.21	57.14	43.47	35	1.00	0.03
49.04	58.57	43.90	35	1.00	0.04
49.10	58.83	43.79	35	1.00	0.05
50.41	60.62	44.87	35	1.00	0.06
50.98	61.01	45.50	35	1.00	0.07
50.65	60.57	45.20	35	1.00	0.08
50.33	59.88	45.17	35	1.00	0.09
44.92	76.56	34.98	35	1.50	0.01
48.15	57.67	43.15	35	1.50	0.02
49.35	59.44	43.98	35	1.50	0.03
50.21	60.53	44.58	35	1.50	0.04
49.05	58.65	43.70	35	1.50	0.05
50.28	60.63	44.62	35	1.50	0.06
50.38	60.55	44.73	35	1.50	0.07
50.87	61.25	45.07	35	1.50	0.08
51.02	61.28	45.39	35	1.50	0.09
44.93	76.57	35.02	35	2.00	0.01
48.36	58.21	43.25	35	2.00	0.02
50.32	60.54	44.70	35	2.00	0.03
50.09	60.24	44.59	35	2.00	0.04
50.48	60.61	45.04	35	2.00	0.05
51.19	61.52	45.49	35	2.00	0.06
50.85	61.12	45.23	35	2.00	0.07
51.01	61.41	45.40	35	2.00	0.08
51.51	61.81	45.88	35	2.00	0.09
44.67	76.24	34.82	35	2.50	0.01
48.47	58.84	42.99	35	2.50	0.02
49.78	59.73	44.36	35	2.50	0.03
50.51	60.66	44.82	35	2.50	0.04
50.36	60.36	44.81	35	2.50	0.05
51.77	62.55	45.75	35	2.50	0.06
51.15	61.44	45.46	35	2.50	0.07
51.25	61.46	45.55	35	2.50	0.08
51.56	61.99	45.88	35	2.50	0.09
44.83	76.50	34.87	35	3.00	0.01
49.92	60.59	44.25	35	3.00	0.02
50.39	60.53	44.81	35	3.00	0.03
49.97	59.80	44.65	35	3.00	0.04
50.61	60.63	45.09	35	3.00	0.05
51.30	61.64	45.63	35	3.00	0.06
50.83	61.15	45.17	35	3.00	0.07
51.00	61.21	45.40	35	3.00	0.08
51.14	61.49	45.53	35	3.00	0.09
44.34	75.82	34.43	35	3.50	0.01
48.27	58.35	42.95	35	3.50	0.02
50.09	60.38	44.55	35	3.50	0.03
50.41	60.33	44.95	35	3.50	0.04
51.46	62.22	45.54	35	3.50	0.05
51.48	62.19	45.66	35	3.50	0.06
50.93	61.41	45.19	35	3.50	0.07
51.26	61.68	45.52	35	3.50	0.08
50.91	61.32	45.24	35	3.50	0.09
44.36	75.75	34.50	35	4.00	0.01
50.00	60.66	44.35	35	4.00	0.02
49.92	60.00	44.45	35	4.00	0.03
50.27	60.10	44.94	35	4.00	0.04
50.87	61.14	45.26	35	4.00	0.05
51.48	62.00	45.72	35	4.00	0.06
52.46	63.55	46.30	35	4.00	0.07
51.81	62.84	45.81	35	4.00	0.08
51.13	61.69	45.38	35	4.00	0.09
44.12	75.58	34.19	35	4.50	0.01
49.72	60.23	44.22	35	4.50	0.02
51.44	62.25	45.56	35	4.50	0.03
51.75	62.47	45.85	35	4.50	0.04
51.81	62.62	45.87	35	4.50	0.05
52.43	63.64	46.12	35	4.50	0.06
52.32	63.06	46.30	35	4.50	0.07
52.13	63.13	46.10	35	4.50	0.08
51.84	62.83	45.78	35	4.50	0.09
44.79	76.53	34.76	36	1.00	0.01
46.50	56.00	41.55	36	1.00	0.02
47.51	56.64	42.61	36	1.00	0.03
48.29	57.91	43.14	36	1.00	0.04
48.88	59.08	43.34	36	1.00	0.05
49.64	59.86	44.13	36	1.00	0.06
50.42	60.84	44.78	36	1.00	0.07
50.05	60.17	44.54	36	1.00	0.08
49.77	59.76	44.38	36	1.00	0.09
44.58	76.31	34.56	36	1.50	0.01
47.38	57.05	42.29	36	1.50	0.02
48.95	59.38	43.41	36	1.50	0.03
49.23	59.40	43.66	36	1.50	0.04
48.67	58.66	43.13	36	1.50	0.05
49.93	60.79	44.02	36	1.50	0.06
50.29	60.93	44.43	36	1.50	0.07
50.35	60.94	44.54	36	1.50	0.08
50.21	60.72	44.47	36	1.50	0.09
45.12	77.07	34.97	36	2.00	0.01
48.41	58.69	43.04	36	2.00	0.02
49.82	60.47	44.04	36	2.00	0.03
49.23	59.36	43.76	36	2.00	0.04
50.17	60.60	44.47	36	2.00	0.05
50.63	61.33	44.77	36	2.00	0.06
50.44	61.16	44.64	36	2.00	0.07
50.58	61.63	44.68	36	2.00	0.08
51.07	61.92	45.23	36	2.00	0.09
44.75	76.50	34.78	36	2.50	0.01
48.40	59.16	42.74	36	2.50	0.02
49.86	60.46	44.12	36	2.50	0.03
49.49	59.87	43.72	36	2.50	0.04
49.36	59.45	43.80	36	2.50	0.05
50.84	61.69	44.82	36	2.50	0.06
50.64	61.33	44.74	36	2.50	0.07
50.76	61.46	44.89	36	2.50	0.08
50.49	61.06	44.74	36	2.50	0.09
44.70	76.53	34.62	36	3.00	0.01
49.45	60.31	43.71	36	3.00	0.02
50.04	60.52	44.34	36	3.00	0.03
49.20	59.35	43.68	36	3.00	0.04
49.62	59.79	44.02	36	3.00	0.05
50.46	61.17	44.65	36	3.00	0.06
49.99	60.34	44.33	36	3.00	0.07
50.45	60.91	44.75	36	3.00	0.08
50.82	61.70	44.92	36	3.00	0.09
44.31	75.84	34.36	36	3.50	0.01
48.37	59.07	42.72	36	3.50	0.02
49.47	60.01	43.84	36	3.50	0.03
50.03	60.65	44.22	36	3.50	0.04
50.54	61.59	44.50	36	3.50	0.05
51.13	62.32	45.02	36	3.50	0.06
51.20	62.42	45.11	36	3.50	0.07
50.64	61.36	44.81	36	3.50	0.08
50.24	60.79	44.51	36	3.50	0.09
44.29	75.79	34.34	36	4.00	0.01
49.61	60.84	43.69	36	4.00	0.02
49.35	59.55	43.76	36	4.00	0.03
49.74	60.14	44.13	36	4.00	0.04
49.92	60.46	44.21	36	4.00	0.05
50.84	61.70	44.86	36	4.00	0.06
51.74	63.08	45.50	36	4.00	0.07
51.10	62.35	44.98	36	4.00	0.08
50.70	61.91	44.62	36	4.00	0.09
44.07	75.65	34.08	36	4.50	0.01
49.32	59.99	43.63	36	4.50	0.02
50.72	61.85	44.74	36	4.50	0.03
50.94	61.67	45.00	36	4.50	0.04
51.26	62.34	45.16	36	4.50	0.05
51.88	63.25	45.50	36	4.50	0.06
51.28	62.29	45.14	36	4.50	0.07
51.15	62.46	44.94	36	4.50	0.08
51.26	62.68	45.11	36	4.50	0.09
44.72	76.58	34.61	37	1.00	0.01
46.44	56.39	41.30	37	1.00	0.02
47.14	56.52	42.13	37	1.00	0.03
48.02	58.02	42.67	37	1.00	0.04
48.57	58.81	43.01	37	1.00	0.05
48.59	58.70	43.14	37	1.00	0.06
49.95	60.93	44.03	37	1.00	0.07
49.56	60.17	43.89	37	1.00	0.08
49.05	59.40	43.56	37	1.00	0.09
44.57	76.52	34.39	37	1.50	0.01
46.42	56.03	41.35	37	1.50	0.02
48.66	59.46	42.91	37	1.50	0.03
48.20	58.54	42.59	37	1.50	0.04
48.20	58.63	42.54	37	1.50	0.05
49.27	60.17	43.33	37	1.50	0.06
49.91	60.99	43.89	37	1.50	0.07
50.55	61.57	44.43	37	1.50	0.08
49.91	60.98	43.87	37	1.50	0.09
45.19	77.26	34.94	37	2.00	0.01
48.33	59.16	42.69	37	2.00	0.02
49.09	59.96	43.25	37	2.00	0.03
48.63	58.95	43.07	37	2.00	0.04
49.43	59.98	43.73	37	2.00	0.05
50.20	61.34	44.20	37	2.00	0.06
49.18	60.03	43.35	37	2.00	0.07
50.03	61.50	43.92	37	2.00	0.08
50.46	61.71	44.36	37	2.00	0.09
44.78	76.72	34.68	37	2.50	0.01
47.80	58.65	42.10	37	2.50	0.02
49.85	60.99	43.86	37	2.50	0.03
49.02	59.92	43.03	37	2.50	0.04
48.87	59.30	43.12	37	2.50	0.05
49.84	60.69	43.89	37	2.50	0.06
50.13	61.08	44.02	37	2.50	0.07
50.42	61.63	44.25	37	2.50	0.08
50.01	61.01	44.09	37	2.50	0.09
44.52	76.35	34.43	37	3.00	0.01
49.09	60.27	43.18	37	3.00	0.02
49.80	60.69	43.89	37	3.00	0.03
48.57	59.18	42.83	37	3.00	0.04
49.24	59.72	43.46	37	3.00	0.05
49.75	60.63	43.83	37	3.00	0.06
50.00	60.92	44.05	37	3.00	0.07
50.19	61.19	44.12	37	3.00	0.08
50.06	61.15	44.06	37	3.00	0.09
44.04	75.53	34.09	37	3.50	0.01
47.66	58.37	42.05	37	3.50	0.02
49.32	60.26	43.49	37	3.50	0.03
49.30	60.25	43.39	37	3.50	0.04
50.22	61.55	44.06	37	3.50	0.05
49.91	60.82	43.97	37	3.50	0.06
50.48	61.89	44.28	37	3.50	0.07
50.47	61.51	44.45	37	3.50	0.08
49.80	60.83	43.88	37	3.50	0.09
44.13	75.68	34.12	37	4.00	0.01
49.55	61.02	43.49	37	4.00	0.02
49.06	59.85	43.21	37	4.00	0.03
48.90	59.72	43.17	37	4.00	0.04
49.18	59.89	43.40	37	4.00	0.05
50.01	61.03	44.04	37	4.00	0.06
51.12	62.77	44.71	37	4.00	0.07
50.95	62.64	44.49	37	4.00	0.08
50.27	61.72	44.10	37	4.00	0.09
44.15	75.94	34.01	37	4.50	0.01
48.82	59.76	43.00	37	4.50	0.02
50.77	62.41	44.60	37	4.50	0.03
50.34	61.48	44.26	37	4.50	0.04
50.34	61.92	44.09	37	4.50	0.05
50.67	61.64	44.48	37	4.50	0.06
50.86	62.18	44.60	37	4.50	0.07
50.98	62.60	44.65	37	4.50	0.08
50.77	62.47	44.56	37	4.50	0.09
44.81	76.80	34.64	38	1.00	0.01
45.58	55.52	40.40	38	1.00	0.02
46.73	56.61	41.40	38	1.00	0.03
47.59	57.70	42.06	38	1.00	0.04
48.28	58.67	42.61	38	1.00	0.05
48.08	58.40	42.53	38	1.00	0.06
49.36	60.31	43.42	38	1.00	0.07
49.04	60.00	43.21	38	1.00	0.08
48.35	58.86	42.79	38	1.00	0.09
44.75	76.84	34.46	38	1.50	0.01
45.99	55.86	40.80	38	1.50	0.02
48.30	59.24	42.50	38	1.50	0.03
48.60	59.71	42.57	38	1.50	0.04
48.01	58.78	42.20	38	1.50	0.05
48.41	59.26	42.53	38	1.50	0.06
48.90	60.06	42.89	38	1.50	0.07
49.42	60.47	43.35	38	1.50	0.08
49.02	60.11	43.00	38	1.50	0.09
44.87	76.91	34.63	38	2.00	0.01
47.72	58.67	41.94	38	2.00	0.02
48.96	60.44	42.81	38	2.00	0.03
48.00	58.72	42.27	38	2.00	0.04
48.38	58.90	42.71	38	2.00	0.05
49.68	61.09	43.54	38	2.00	0.06
48.70	59.65	42.80	38	2.00	0.07
49.13	60.46	43.09	38	2.00	0.08
49.93	61.37	43.73	38	2.00	0.09
44.64	76.62	34.51	38	2.50	0.01
47.64	58.97	41.67	38	2.50	0.02
48.87	60.09	42.87	38	2.50	0.03
48.20	59.21	42.18	38	2.50	0.04
48.44	59.24	42.52	38	2.50	0.05
49.18	60.23	43.16	38	2.50	0.06
49.15	60.12	43.09	38	2.50	0.07
49.67	60.98	43.48	38	2.50	0.08
49.06	60.16	43.14	38	2.50	0.09
44.39	76.30	34.24	38	3.00	0.01
48.67	60.05	42.59	38	3.00	0.02
48.76	59.66	42.87	38	3.00	0.03
48.30	59.35	42.31	38	3.00	0.04
48.47	59.51	42.52	38	3.00	0.05
49.47	60.91	43.31	38	3.00	0.06
49.41	60.62	43.33	38	3.00	0.07
49.77	61.17	43.50	38	3.00	0.08
49.88	61.41	43.67	38	3.00	0.09
43.98	75.51	34.03	38	3.50	0.01
47.49	58.46	41.73	38	3.50	0.02
48.43	59.67	42.44	38	3.50	0.03
48.68	59.85	42.64	38	3.50	0.04
49.54	61.02	43.32	38	3.50	0.05
49.72	61.03	43.63	38	3.50	0.06
49.65	61.16	43.49	38	3.50	0.07
49.50	60.73	43.47	38	3.50	0.08
49.04	60.23	43.04	38	3.50	0.09
43.88	75.49	33.80	38	4.00	0.01
49.26	60.96	43.07	38	4.00	0.02
48.27	59.53	42.29	38	4.00	0.03
48.69	59.92	42.76	38	4.00	0.04
48.50	59.51	42.60	38	4.00	0.05
49.20	60.46	43.13	38	4.00	0.06
49.89	61.56	43.59	38	4.00	0.07
49.77	61.23	43.49	38	4.00	0.08
49.27	60.76	43.13	38	4.00	0.09
44.23	76.16	34.01	38	4.50	0.01
48.75	60.22	42.59	38	4.50	0.02
50.29	62.46	43.79	38	4.50	0.03
49.85	61.45	43.58	38	4.50	0.04
50.05	61.86	43.67	38	4.50	0.05
50.24	61.59	43.95	38	4.50	0.06
50.01	61.45	43.77	38	4.50	0.07
50.49	62.54	43.95	38	4.50	0.08
50.29	62.27	43.91	38	4.50	0.09
44.89	77.15	34.54	39	1.00	0.01
45.31	55.34	40.09	39	1.00	0.02
46.48	56.42	41.14	39	1.00	0.03
47.08	57.47	41.44	39	1.00	0.04
47.90	58.65	42.03	39	1.00	0.05
47.91	58.80	42.09	39	1.00	0.06
48.43	59.57	42.39	39	1.00	0.07
48.20	59.19	42.33	39	1.00	0.08
48.13	58.96	42.40	39	1.00	0.09
44.80	77.07	34.41	39	1.50	0.01
46.75	57.30	41.13	39	1.50	0.02
47.69	58.81	41.74	39	1.50	0.03
48.21	59.67	42.08	39	1.50	0.04
48.25	59.41	42.25	39	1.50	0.05
48.52	59.81	42.44	39	1.50	0.06
47.99	59.11	41.98	39	1.50	0.07
48.40	59.43	42.33	39	1.50	0.08
47.92	58.71	42.05	39	1.50	0.09
44.74	76.88	34.45	39	2.00	0.01
47.84	59.28	41.87	39	2.00	0.02
48.07	59.59	41.92	39	2.00	0.03
47.41	58.36	41.55	39	2.00	0.04
48.30	59.39	42.31	39	2.00	0.05
48.55	59.78	42.52	39	2.00	0.06
47.72	58.82	41.76	39	2.00	0.07
48.73	60.07	42.60	39	2.00	0.08
49.59	61.28	43.28	39	2.00	0.09
44.55	76.70	34.29	39	2.50	0.01
47.40	58.77	41.37	39	2.50	0.02
48.23	59.77	42.10	39	2.50	0.03
47.89	59.08	41.77	39	2.50	0.04
47.73	58.78	41.69	39	2.50	0.05
48.69	59.91	42.64	39	2.50	0.06
49.06	60.41	42.83	39	2.50	0.07
49.05	60.54	42.84	39	2.50	0.08
48.90	60.47	42.77	39	2.50	0.09
44.18	76.16	33.96	39	3.00	0.01
48.43	59.98	42.24	39	3.00	0.02
48.38	59.58	42.32	39	3.00	0.03
48.00	59.32	41.90	39	3.00	0.04
48.21	59.68	42.11	39	3.00	0.05
48.59	60.05	42.42	39	3.00	0.06
48.68	60.15	42.55	39	3.00	0.07
48.57	59.66	42.49	39	3.00	0.08
48.88	60.39	42.75	39	3.00	0.09
44.01	75.72	33.92	39	3.50	0.01
47.19	58.22	41.37	39	3.50	0.02
47.53	58.67	41.55	39	3.50	0.03
48.54	60.29	42.22	39	3.50	0.04
48.50	60.09	42.27	39	3.50	0.05
49.00	60.62	42.85	39	3.50	0.06
48.75	60.52	42.57	39	3.50	0.07
48.55	59.93	42.43	39	3.50	0.08
48.59	59.96	42.54	39	3.50	0.09
43.92	75.64	33.78	39	4.00	0.01
49.05	60.96	42.73	39	4.00	0.02
48.16	59.64	42.05	39	4.00	0.03
47.58	58.81	41.59	39	4.00	0.04
48.72	60.56	42.42	39	4.00	0.05
48.78	60.18	42.67	39	4.00	0.06
49.05	60.78	42.77	39	4.00	0.07
48.98	60.78	42.60	39	4.00	0.08
48.62	60.18	42.40	39	4.00	0.09
44.49	76.61	34.17	39	4.50	0.01
48.83	60.79	42.45	39	4.50	0.02
49.36	61.70	42.88	39	4.50	0.03
49.41	61.43	42.93	39	4.50	0.04
49.27	61.00	42.92	39	4.50	0.05
49.55	61.11	43.25	39	4.50	0.06
49.82	61.92	43.27	39	4.50	0.07
49.79	61.90	43.18	39	4.50	0.08
49.18	61.14	42.87	39	4.50	0.09
