45.42	70.30	48.83	8	1.00	0.01
51.80	41.39	76.13	8	1.00	0.02
52.91	41.82	77.44	8	1.00	0.03
53.79	42.45	78.34	8	1.00	0.04
53.88	42.45	78.65	8	1.00	0.05
54.36	43.00	79.05	8	1.00	0.06
54.21	42.74	79.24	8	1.00	0.07
54.13	42.61	79.53	8	1.00	0.08
54.36	42.78	79.92	8	1.00	0.09
45.47	70.42	48.38	8	1.50	0.01
50.32	40.18	74.15	8	1.50	0.02
51.85	40.98	76.16	8	1.50	0.03
53.24	41.98	78.05	8	1.50	0.04
53.80	42.58	78.23	8	1.50	0.05
53.61	42.28	78.55	8	1.50	0.06
53.88	42.71	78.29	8	1.50	0.07
53.25	42.01	78.08	8	1.50	0.08
54.03	42.69	78.85	8	1.50	0.09
45.39	70.27	48.81	8	2.00	0.01
51.86	41.80	75.19	8	2.00	0.02
54.35	43.47	78.34	8	2.00	0.03
55.55	44.27	79.92	8	2.00	0.04
56.90	45.40	81.83	8	2.00	0.05
57.16	45.66	81.90	8	2.00	0.06
57.00	45.33	82.30	8	2.00	0.07
57.18	45.34	82.84	8	2.00	0.08
56.61	44.77	82.37	8	2.00	0.09
45.43	70.35	48.65	8	2.50	0.01
51.40	41.34	74.76	8	2.50	0.02
54.05	43.36	77.39	8	2.50	0.03
55.42	44.34	79.34	8	2.50	0.04
56.14	45.05	80.14	8	2.50	0.05
55.84	44.66	80.03	8	2.50	0.06
55.93	44.56	80.49	8	2.50	0.07
55.61	44.15	80.58	8	2.50	0.08
56.30	44.66	81.74	8	2.50	0.09
45.48	70.49	48.31	8	3.00	0.01
52.50	42.37	75.75	8	3.00	0.02
55.83	44.97	79.49	8	3.00	0.03
57.56	46.30	81.79	8	3.00	0.04
57.60	46.21	82.03	8	3.00	0.05
57.98	46.49	82.70	8	3.00	0.06
57.43	45.90	82.30	8	3.00	0.07
57.22	45.62	82.33	8	3.00	0.08
57.07	45.44	82.47	8	3.00	0.09
45.37	70.41	48.00	8	3.50	0.01
52.56	42.50	75.53	8	3.50	0.02
55.37	44.72	78.28	8	3.50	0.03
56.40	45.44	79.91	8	3.50	0.04
56.36	45.28	80.10	8	3.50	0.05
56.92	45.76	81.12	8	3.50	0.06
56.84	45.62	81.03	8	3.50	0.07
57.32	45.98	81.73	8	3.50	0.08
56.73	45.23	81.80	8	3.50	0.09
45.57	70.60	48.31	8	4.00	0.01
53.81	43.83	76.25	8	4.00	0.02
56.67	46.16	79.45	8	4.00	0.03
58.14	47.30	80.98	8	4.00	0.04
57.73	46.65	81.29	8	4.00	0.05
57.73	46.49	81.70	8	4.00	0.06
57.66	46.41	81.73	8	4.00	0.07
57.38	46.07	81.66	8	4.00	0.08
57.54	46.20	81.88	8	4.00	0.09
45.11	70.22	47.76	8	4.50	0.01
53.26	43.56	75.05	8	4.50	0.02
56.18	45.93	78.18	8	4.50	0.03
57.37	46.66	79.83	8	4.50	0.04
56.96	46.24	79.75	8	4.50	0.05
57.07	46.17	80.28	8	4.50	0.06
56.64	45.61	80.38	8	4.50	0.07
56.94	45.78	80.89	8	4.50	0.08
57.39	46.23	81.35	8	4.50	0.09
45.57	70.72	47.58	9	1.00	0.01
52.39	42.91	73.66	9	1.00	0.02
54.09	44.07	75.19	9	1.00	0.03
54.73	44.39	76.11	9	1.00	0.04
56.34	46.01	77.75	9	1.00	0.05
55.38	45.02	77.22	9	1.00	0.06
55.56	45.22	77.23	9	1.00	0.07
55.58	45.22	77.39	9	1.00	0.08
56.09	45.74	77.79	9	1.00	0.09
45.58	70.79	47.20	9	1.50	0.01
51.82	42.68	72.14	9	1.50	0.02
53.51	43.82	73.84	9	1.50	0.03
54.66	44.65	75.23	9	1.50	0.04
55.09	44.83	76.15	9	1.50	0.05
55.18	45.07	76.12	9	1.50	0.06
55.13	44.95	76.05	9	1.50	0.07
54.83	44.60	75.98	9	1.50	0.08
55.40	45.32	76.20	9	1.50	0.09
45.81	70.92	47.89	9	2.00	0.01
53.30	44.14	73.56	9	2.00	0.02
56.21	46.30	76.89	9	2.00	0.03
58.05	47.78	79.20	9	2.00	0.04
58.54	48.25	79.54	9	2.00	0.05
58.64	48.30	79.82	9	2.00	0.06
59.01	48.53	80.53	9	2.00	0.07
58.93	48.31	80.61	9	2.00	0.08
58.67	48.09	80.49	9	2.00	0.09
45.62	70.82	47.32	9	2.50	0.01
52.85	43.90	72.81	9	2.50	0.02
55.60	46.00	75.57	9	2.50	0.03
57.54	47.68	77.58	9	2.50	0.04
57.91	47.92	78.36	9	2.50	0.05
57.40	47.32	78.20	9	2.50	0.06
58.03	47.67	79.32	9	2.50	0.07
57.61	47.36	78.80	9	2.50	0.08
57.63	47.22	79.15	9	2.50	0.09
46.00	71.18	47.73	9	3.00	0.01
54.08	44.95	73.90	9	3.00	0.02
57.64	47.79	77.91	9	3.00	0.03
58.85	48.77	79.39	9	3.00	0.04
59.07	49.00	79.65	9	3.00	0.05
59.66	49.41	80.60	9	3.00	0.06
59.22	48.96	80.31	9	3.00	0.07
59.05	48.73	80.17	9	3.00	0.08
58.63	48.26	80.10	9	3.00	0.09
45.44	70.73	46.97	9	3.50	0.01
54.12	45.29	73.39	9	3.50	0.02
57.55	47.96	77.09	9	3.50	0.03
58.24	48.60	77.82	9	3.50	0.04
58.35	48.67	78.03	9	3.50	0.05
58.42	48.66	78.47	9	3.50	0.06
58.59	48.52	79.24	9	3.50	0.07
58.43	48.37	79.09	9	3.50	0.08
58.83	48.65	79.68	9	3.50	0.09
45.99	71.23	47.49	9	4.00	0.01
55.52	46.85	74.24	9	4.00	0.02
58.69	49.40	77.69	9	4.00	0.03
59.46	49.82	78.79	9	4.00	0.04
59.53	49.69	79.28	9	4.00	0.05
59.69	49.82	79.60	9	4.00	0.06
59.75	49.61	80.35	9	4.00	0.07
59.39	49.22	79.98	9	4.00	0.08
58.93	48.88	79.56	9	4.00	0.09
45.69	71.04	46.87	9	4.50	0.01
54.48	45.75	73.33	9	4.50	0.02
58.37	49.34	76.74	9	4.50	0.03
58.84	49.39	77.75	9	4.50	0.04
58.68	49.22	77.86	9	4.50	0.05
58.45	48.80	77.93	9	4.50	0.06
58.57	48.79	78.34	9	4.50	0.07
59.17	49.42	78.97	9	4.50	0.08
58.62	48.81	78.59	9	4.50	0.09
45.60	71.02	46.42	10	1.00	0.01
53.14	44.80	70.91	10	1.00	0.02
55.04	46.20	73.02	10	1.00	0.03
56.15	47.12	74.14	10	1.00	0.04
57.19	48.23	75.27	10	1.00	0.05
57.45	48.32	75.68	10	1.00	0.06
56.76	47.79	74.68	10	1.00	0.07
56.94	47.88	75.09	10	1.00	0.08
57.26	48.37	75.11	10	1.00	0.09
45.75	71.19	46.38	10	1.50	0.01
52.87	44.92	69.84	10	1.50	0.02
54.65	46.09	71.87	10	1.50	0.03
55.69	46.87	73.18	10	1.50	0.04
56.54	47.60	74.13	10	1.50	0.05
56.31	47.47	73.82	10	1.50	0.06
56.84	47.93	74.37	10	1.50	0.07
57.01	48.07	74.58	10	1.50	0.08
56.47	47.63	73.85	10	1.50	0.09
46.11	71.46	47.02	10	2.00	0.01
54.79	46.75	71.93	10	2.00	0.02
58.48	49.79	75.78	10	2.00	0.03
59.07	50.07	76.91	10	2.00	0.04
60.25	51.12	77.85	10	2.00	0.05
59.70	50.78	77.38	10	2.00	0.06
60.10	51.09	77.91	10	2.00	0.07
59.84	50.66	78.00	10	2.00	0.08
60.44	51.33	78.38	10	2.00	0.09
45.96	71.48	46.19	10	2.50	0.01
54.45	46.71	71.06	10	2.50	0.02
57.50	48.98	74.52	10	2.50	0.03
58.50	49.83	75.40	10	2.50	0.04
59.15	50.43	76.17	10	2.50	0.05
59.22	50.47	76.53	10	2.50	0.06
58.81	49.99	76.34	10	2.50	0.07
58.33	49.54	75.72	10	2.50	0.08
58.40	49.43	76.13	10	2.50	0.09
46.44	71.86	46.93	10	3.00	0.01
55.47	47.42	72.36	10	3.00	0.02
59.86	51.30	76.54	10	3.00	0.03
61.32	52.62	78.14	10	3.00	0.04
61.64	53.05	78.34	10	3.00	0.05
61.07	52.37	78.07	10	3.00	0.06
61.00	52.26	78.05	10	3.00	0.07
60.71	51.90	77.92	10	3.00	0.08
60.54	51.66	78.01	10	3.00	0.09
45.68	71.24	45.97	10	3.50	0.01
55.56	47.90	71.51	10	3.50	0.02
58.86	50.62	75.09	10	3.50	0.03
60.39	52.15	76.60	10	3.50	0.04
60.62	52.32	77.02	10	3.50	0.05
60.35	51.90	76.89	10	3.50	0.06
60.07	51.43	76.92	10	3.50	0.07
60.04	51.42	77.04	10	3.50	0.08
60.37	51.76	77.35	10	3.50	0.09
46.49	71.92	46.94	10	4.00	0.01
56.44	48.81	72.37	10	4.00	0.02
60.11	52.10	76.00	10	4.00	0.03
61.26	52.83	77.55	10	4.00	0.04
62.12	53.91	78.21	10	4.00	0.05
61.82	53.52	77.98	10	4.00	0.06
61.69	53.35	77.95	10	4.00	0.07
61.10	52.44	77.83	10	4.00	0.08
60.56	52.12	77.21	10	4.00	0.09
46.03	71.62	46.10	10	4.50	0.01
56.64	49.19	72.02	10	4.50	0.02
59.91	51.94	75.60	10	4.50	0.03
60.06	51.82	75.99	10	4.50	0.04
60.73	52.48	76.76	10	4.50	0.05
61.12	52.87	77.08	10	4.50	0.06
60.78	52.50	76.79	10	4.50	0.07
61.17	52.75	77.40	10	4.50	0.08
60.60	52.13	77.07	10	4.50	0.09
45.79	71.50	45.41	11	1.00	0.01
53.51	46.21	68.64	11	1.00	0.02
56.62	48.91	71.82	11	1.00	0.03
56.91	48.93	72.11	11	1.00	0.04
58.17	50.43	73.09	11	1.00	0.05
58.47	50.59	73.53	11	1.00	0.06
58.55	50.76	73.39	11	1.00	0.07
58.03	50.37	73.03	11	1.00	0.08
58.52	50.85	73.39	11	1.00	0.09
46.14	71.87	45.63	11	1.50	0.01
53.15	46.42	66.99	11	1.50	0.02
55.89	48.77	70.08	11	1.50	0.03
56.73	49.06	71.47	11	1.50	0.04
58.17	50.51	72.55	11	1.50	0.05
57.99	50.38	72.54	11	1.50	0.06
58.10	50.53	72.63	11	1.50	0.07
58.12	50.45	72.73	11	1.50	0.08
58.06	50.57	72.57	11	1.50	0.09
46.52	72.12	46.22	11	2.00	0.01
55.62	48.87	69.80	11	2.00	0.02
59.65	52.31	73.90	11	2.00	0.03
60.71	52.97	75.33	11	2.00	0.04
61.62	54.03	75.96	11	2.00	0.05
61.58	54.00	75.82	11	2.00	0.06
62.13	54.56	76.54	11	2.00	0.07
61.69	54.07	76.35	11	2.00	0.08
61.22	53.68	75.72	11	2.00	0.09
46.20	71.96	45.51	11	2.50	0.01
55.39	48.91	69.08	11	2.50	0.02
58.98	51.89	72.86	11	2.50	0.03
59.71	52.36	73.67	11	2.50	0.04
60.35	53.21	73.97	11	2.50	0.05
60.31	52.89	74.47	11	2.50	0.06
60.34	53.07	74.44	11	2.50	0.07
59.69	52.51	73.61	11	2.50	0.08
60.10	52.85	74.20	11	2.50	0.09
46.59	72.31	46.01	11	3.00	0.01
57.03	50.35	71.00	11	3.00	0.02
61.55	54.43	75.31	11	3.00	0.03
62.47	55.26	76.18	11	3.00	0.04
63.30	56.13	77.12	11	3.00	0.05
62.80	55.92	76.15	11	3.00	0.06
62.85	55.98	76.26	11	3.00	0.07
62.30	55.22	75.99	11	3.00	0.08
62.28	55.21	76.08	11	3.00	0.09
46.33	72.16	45.46	11	3.50	0.01
56.06	49.75	69.15	11	3.50	0.02
60.30	53.65	73.34	11	3.50	0.03
61.77	54.80	75.13	11	3.50	0.04
62.41	55.48	75.65	11	3.50	0.05
61.98	55.30	75.02	11	3.50	0.06
61.58	54.72	74.88	11	3.50	0.07
61.88	55.06	75.29	11	3.50	0.08
62.15	55.26	75.79	11	3.50	0.09
46.65	72.38	45.94	11	4.00	0.01
57.63	51.22	70.78	11	4.00	0.02
61.20	54.49	74.29	11	4.00	0.03
62.96	56.31	75.78	11	4.00	0.04
63.48	56.65	76.80	11	4.00	0.05
63.65	57.00	76.52	11	4.00	0.06
63.39	56.65	76.33	11	4.00	0.07
62.94	55.82	76.69	11	4.00	0.08
62.66	55.74	76.06	11	4.00	0.09
46.73	72.51	45.84	11	4.50	0.01
57.11	50.73	70.24	11	4.50	0.02
61.17	54.67	73.78	11	4.50	0.03
62.08	55.41	74.78	11	4.50	0.04
62.64	56.06	75.44	11	4.50	0.05
62.75	56.11	75.57	11	4.50	0.06
62.42	55.79	75.13	11	4.50	0.07
62.87	56.08	75.84	11	4.50	0.08
62.20	55.37	75.37	11	4.50	0.09
45.84	71.82	44.53	12	1.00	0.01
54.12	47.93	66.73	12	1.00	0.02
57.10	50.57	69.69	12	1.00	0.03
57.57	51.22	69.55	12	1.00	0.04
59.05	52.59	71.23	12	1.00	0.05
59.89	53.36	72.23	12	1.00	0.06
59.96	53.51	72.26	12	1.00	0.07
59.71	53.24	72.01	12	1.00	0.08
59.74	53.31	72.00	12	1.00	0.09
46.21	72.23	44.73	12	1.50	0.01
53.77	48.15	65.26	12	1.50	0.02
57.17	51.34	68.74	12	1.50	0.03
58.16	52.06	69.81	12	1.50	0.04
59.48	53.24	71.32	12	1.50	0.05
59.27	53.08	71.20	12	1.50	0.06
59.26	53.10	71.21	12	1.50	0.07
59.06	52.74	71.13	12	1.50	0.08
58.99	52.76	70.90	12	1.50	0.09
47.10	73.07	45.63	12	2.00	0.01
56.69	51.22	68.52	12	2.00	0.02
60.64	54.59	72.36	12	2.00	0.03
61.69	55.48	73.63	12	2.00	0.04
62.81	56.77	74.47	12	2.00	0.05
62.44	56.56	73.86	12	2.00	0.06
63.04	57.18	74.33	12	2.00	0.07
62.57	56.62	74.07	12	2.00	0.08
62.24	56.14	74.09	12	2.00	0.09
46.64	72.61	45.05	12	2.50	0.01
56.50	51.21	67.83	12	2.50	0.02
59.39	53.73	70.65	12	2.50	0.03
60.89	55.21	71.70	12	2.50	0.04
61.41	55.74	72.30	12	2.50	0.05
62.05	56.36	73.01	12	2.50	0.06
61.81	56.06	72.90	12	2.50	0.07
60.99	55.44	71.97	12	2.50	0.08
61.38	55.77	72.38	12	2.50	0.09
46.82	72.85	45.02	12	3.00	0.01
57.88	52.58	69.19	12	3.00	0.02
62.88	57.32	74.10	12	3.00	0.03
64.31	58.62	75.33	12	3.00	0.04
64.44	58.65	75.56	12	3.00	0.05
63.86	58.21	74.80	12	3.00	0.06
63.90	58.49	74.74	12	3.00	0.07
64.43	58.96	75.39	12	3.00	0.08
63.93	58.28	75.20	12	3.00	0.09
46.53	72.63	44.75	12	3.50	0.01
57.17	52.28	67.53	12	3.50	0.02
61.05	55.55	72.01	12	3.50	0.03
62.61	57.11	73.24	12	3.50	0.04
63.23	57.71	73.96	12	3.50	0.05
63.26	57.81	74.02	12	3.50	0.06
63.03	57.53	73.92	12	3.50	0.07
62.99	57.58	73.96	12	3.50	0.08
63.38	57.98	74.16	12	3.50	0.09
46.81	72.89	44.97	12	4.00	0.01
58.45	53.21	69.20	12	4.00	0.02
62.07	56.81	72.72	12	4.00	0.03
64.21	58.80	74.72	12	4.00	0.04
64.85	59.57	75.26	12	4.00	0.05
64.94	59.82	75.24	12	4.00	0.06
64.24	58.92	74.56	12	4.00	0.07
64.32	58.85	75.17	12	4.00	0.08
63.84	58.42	74.74	12	4.00	0.09
47.14	73.23	45.21	12	4.50	0.01
58.32	53.40	68.67	12	4.50	0.02
62.22	57.24	72.20	12	4.50	0.03
63.90	58.63	74.12	12	4.50	0.04
63.98	58.95	74.26	12	4.50	0.05
64.17	59.09	74.41	12	4.50	0.06
63.84	58.61	74.24	12	4.50	0.07
64.02	58.74	74.57	12	4.50	0.08
63.25	57.83	74.10	12	4.50	0.09
46.28	72.48	44.09	13	1.00	0.01
54.63	49.43	65.16	13	1.00	0.02
57.95	52.46	68.51	13	1.00	0.03
58.46	53.13	68.52	13	1.00	0.04
59.96	54.53	70.27	13	1.00	0.05
61.16	55.61	71.45	13	1.00	0.06
61.04	55.91	71.03	13	1.00	0.07
60.90	55.76	70.79	13	1.00	0.08
60.59	55.30	70.70	13	1.00	0.09
46.74	73.01	44.36	13	1.50	0.01
54.35	49.81	63.99	13	1.50	0.02
58.36	53.69	68.04	13	1.50	0.03
58.99	53.94	68.91	13	1.50	0.04
59.82	54.75	69.73	13	1.50	0.05
60.11	55.04	70.00	13	1.50	0.06
60.47	55.43	70.45	13	1.50	0.07
60.18	55.38	69.67	13	1.50	0.08
59.80	55.00	69.34	13	1.50	0.09
47.68	73.94	45.35	13	2.00	0.01
57.43	53.05	67.06	13	2.00	0.02
60.92	55.95	70.88	13	2.00	0.03
62.32	57.37	72.06	13	2.00	0.04
63.85	59.06	73.28	13	2.00	0.05
63.55	58.88	72.86	13	2.00	0.06
63.94	59.39	73.20	13	2.00	0.07
63.17	58.36	72.69	13	2.00	0.08
63.06	58.16	72.83	13	2.00	0.09
46.69	73.08	43.96	13	2.50	0.01
56.47	52.29	65.74	13	2.50	0.02
61.14	56.83	70.20	13	2.50	0.03
61.53	57.17	70.23	13	2.50	0.04
62.19	57.94	70.88	13	2.50	0.05
62.64	58.36	71.55	13	2.50	0.06
63.07	58.63	71.98	13	2.50	0.07
62.38	57.99	71.20	13	2.50	0.08
61.92	57.48	71.03	13	2.50	0.09
47.07	73.48	44.33	13	3.00	0.01
58.33	54.37	67.33	13	3.00	0.02
63.51	59.17	72.60	13	3.00	0.03
65.34	61.25	73.89	13	3.00	0.04
64.96	60.45	73.95	13	3.00	0.05
65.40	61.08	74.16	13	3.00	0.06
65.07	60.80	74.06	13	3.00	0.07
65.20	60.86	74.19	13	3.00	0.08
65.31	60.82	74.61	13	3.00	0.09
47.05	73.39	44.41	13	3.50	0.01
57.80	53.81	66.67	13	3.50	0.02
62.05	57.81	70.91	13	3.50	0.03
64.04	59.99	72.50	13	3.50	0.04
64.06	59.84	72.70	13	3.50	0.05
64.44	60.45	73.05	13	3.50	0.06
64.26	60.20	72.90	13	3.50	0.07
63.98	59.88	72.90	13	3.50	0.08
63.77	59.54	72.61	13	3.50	0.09
47.30	73.68	44.65	13	4.00	0.01
59.02	55.11	67.73	13	4.00	0.02
62.90	58.87	71.61	13	4.00	0.03
65.03	61.05	73.28	13	4.00	0.04
65.80	61.65	74.39	13	4.00	0.05
65.83	61.89	74.34	13	4.00	0.06
65.99	62.10	74.26	13	4.00	0.07
65.78	61.68	74.46	13	4.00	0.08
65.37	61.16	74.16	13	4.00	0.09
47.25	73.73	44.36	13	4.50	0.01
58.23	54.47	66.78	13	4.50	0.02
62.84	59.02	70.95	13	4.50	0.03
64.19	60.12	72.76	13	4.50	0.04
64.42	60.43	72.97	13	4.50	0.05
65.09	61.18	73.52	13	4.50	0.06
64.92	60.95	73.51	13	4.50	0.07
64.47	60.35	73.13	13	4.50	0.08
64.16	59.82	73.11	13	4.50	0.09
46.21	72.71	43.19	14	1.00	0.01
54.58	50.27	63.50	14	1.00	0.02
58.33	53.87	67.19	14	1.00	0.03
59.04	54.86	67.29	14	1.00	0.04
60.53	56.15	68.99	14	1.00	0.05
61.57	57.30	69.87	14	1.00	0.06
61.56	57.55	69.80	14	1.00	0.07
61.22	57.00	69.59	14	1.00	0.08
60.82	56.87	69.00	14	1.00	0.09
47.23	73.79	44.06	14	1.50	0.01
54.79	51.10	62.93	14	1.50	0.02
58.86	55.02	67.13	14	1.50	0.03
59.92	55.94	68.16	14	1.50	0.04
60.11	56.05	68.54	14	1.50	0.05
60.87	56.81	69.16	14	1.50	0.06
61.55	57.81	69.47	14	1.50	0.07
61.28	57.65	69.07	14	1.50	0.08
60.09	56.33	67.97	14	1.50	0.09
47.61	74.28	44.37	14	2.00	0.01
57.67	54.21	65.64	14	2.00	0.02
61.45	57.60	69.59	14	2.00	0.03
63.28	59.49	71.34	14	2.00	0.04
64.68	60.87	72.59	14	2.00	0.05
64.11	60.47	71.78	14	2.00	0.06
64.25	60.81	71.75	14	2.00	0.07
64.57	61.09	72.10	14	2.00	0.08
63.97	60.40	71.80	14	2.00	0.09
46.96	73.76	43.25	14	2.50	0.01
57.43	54.32	64.99	14	2.50	0.02
61.76	58.44	69.34	14	2.50	0.03
62.34	58.97	69.61	14	2.50	0.04
63.00	59.81	70.14	14	2.50	0.05
63.49	60.31	70.86	14	2.50	0.06
63.78	60.58	70.91	14	2.50	0.07
63.44	60.10	70.67	14	2.50	0.08
63.21	59.72	70.79	14	2.50	0.09
47.00	73.74	43.49	14	3.00	0.01
58.33	55.29	65.85	14	3.00	0.02
63.36	60.36	70.51	14	3.00	0.03
65.79	62.70	72.73	14	3.00	0.04
65.49	62.23	72.71	14	3.00	0.05
66.09	62.91	73.38	14	3.00	0.06
65.91	62.72	73.23	14	3.00	0.07
65.86	62.73	73.09	14	3.00	0.08
65.81	62.56	73.27	14	3.00	0.09
47.40	74.24	43.67	14	3.50	0.01
58.23	55.43	65.31	14	3.50	0.02
62.57	59.53	69.67	14	3.50	0.03
64.58	61.52	71.56	14	3.50	0.04
65.54	62.49	72.40	14	3.50	0.05
64.65	61.47	71.90	14	3.50	0.06
65.17	62.10	72.26	14	3.50	0.07
64.56	61.56	71.53	14	3.50	0.08
64.14	60.93	71.36	14	3.50	0.09
47.29	74.09	43.65	14	4.00	0.01
58.62	55.96	65.47	14	4.00	0.02
63.26	60.14	70.40	14	4.00	0.03
65.14	62.27	71.84	14	4.00	0.04
66.10	63.25	72.87	14	4.00	0.05
66.21	63.22	73.28	14	4.00	0.06
66.14	63.40	72.84	14	4.00	0.07
65.95	62.92	73.10	14	4.00	0.08
65.70	62.39	73.21	14	4.00	0.09
47.64	74.46	43.97	14	4.50	0.01
58.39	55.81	65.14	14	4.50	0.02
63.66	60.89	70.27	14	4.50	0.03
64.78	62.03	71.33	14	4.50	0.04
64.89	62.06	71.72	14	4.50	0.05
65.30	62.63	72.02	14	4.50	0.06
65.74	62.86	72.72	14	4.50	0.07
65.17	62.29	72.03	14	4.50	0.08
64.90	61.83	72.17	14	4.50	0.09
46.56	73.34	42.87	15	1.00	0.01
54.61	51.19	62.16	15	1.00	0.02
59.14	55.64	66.58	15	1.00	0.03
58.93	55.83	65.69	15	1.00	0.04
60.74	57.69	67.41	15	1.00	0.05
61.49	58.44	68.12	15	1.00	0.06
61.96	59.07	68.53	15	1.00	0.07
62.16	59.08	68.83	15	1.00	0.08
61.22	58.15	68.18	15	1.00	0.09
47.16	74.07	43.22	15	1.50	0.01
55.05	52.40	61.65	15	1.50	0.02
58.30	55.24	65.18	15	1.50	0.03
59.24	56.27	65.99	15	1.50	0.04
60.53	57.59	67.42	15	1.50	0.05
61.02	58.29	67.52	15	1.50	0.06
61.58	58.87	68.09	15	1.50	0.07
61.36	58.47	67.98	15	1.50	0.08
61.01	58.39	67.34	15	1.50	0.09
47.81	74.81	43.88	15	2.00	0.01
57.59	55.12	63.97	15	2.00	0.02
61.63	58.76	68.34	15	2.00	0.03
63.53	60.75	70.19	15	2.00	0.04
65.24	62.62	71.63	15	2.00	0.05
65.04	62.35	71.43	15	2.00	0.06
65.23	62.58	71.63	15	2.00	0.07
65.44	62.77	71.87	15	2.00	0.08
64.51	61.82	71.10	15	2.00	0.09
47.32	74.51	42.84	15	2.50	0.01
56.99	54.91	63.04	15	2.50	0.02
61.93	59.60	67.96	15	2.50	0.03
62.62	60.18	68.68	15	2.50	0.04
63.65	61.30	69.53	15	2.50	0.05
64.21	62.03	70.03	15	2.50	0.06
64.10	61.92	69.91	15	2.50	0.07
63.96	61.73	69.78	15	2.50	0.08
64.05	61.57	70.19	15	2.50	0.09
46.92	74.14	42.37	15	3.00	0.01
57.83	55.92	63.82	15	3.00	0.02
63.25	61.02	69.08	15	3.00	0.03
65.20	63.06	71.05	15	3.00	0.04
65.57	63.32	71.47	15	3.00	0.05
65.80	63.67	71.49	15	3.00	0.06
66.17	64.18	71.74	15	3.00	0.07
66.39	64.38	71.97	15	3.00	0.08
66.35	64.16	72.31	15	3.00	0.09
47.64	74.84	43.12	15	3.50	0.01
58.18	56.23	63.95	15	3.50	0.02
62.95	61.03	68.50	15	3.50	0.03
64.40	62.46	70.04	15	3.50	0.04
65.48	63.77	70.74	15	3.50	0.05
65.43	63.62	70.93	15	3.50	0.06
65.54	63.60	71.02	15	3.50	0.07
65.26	63.16	70.99	15	3.50	0.08
64.85	62.77	70.56	15	3.50	0.09
47.29	74.45	42.92	15	4.00	0.01
58.18	56.40	63.74	15	4.00	0.02
63.40	61.46	68.95	15	4.00	0.03
64.97	62.98	70.43	15	4.00	0.04
66.25	64.43	71.55	15	4.00	0.05
66.28	64.51	71.66	15	4.00	0.06
66.52	64.62	71.93	15	4.00	0.07
66.02	63.94	71.78	15	4.00	0.08
65.62	63.38	71.64	15	4.00	0.09
47.59	74.81	43.11	15	4.50	0.01
58.70	57.15	63.93	15	4.50	0.02
63.73	61.83	69.15	15	4.50	0.03
64.09	62.32	69.25	15	4.50	0.04
65.06	63.42	70.15	15	4.50	0.05
65.06	63.34	70.23	15	4.50	0.06
65.96	64.18	71.39	15	4.50	0.07
65.52	63.65	70.98	15	4.50	0.08
65.42	63.39	71.22	15	4.50	0.09
46.91	73.99	42.58	16	1.00	0.01
54.37	51.78	60.64	16	1.00	0.02
59.72	57.36	65.58	16	1.00	0.03
58.87	56.88	64.17	16	1.00	0.04
60.33	58.52	65.51	16	1.00	0.05
61.04	59.23	66.24	16	1.00	0.06
61.94	60.00	67.14	16	1.00	0.07
61.81	59.63	67.16	16	1.00	0.08
61.84	59.79	67.29	16	1.00	0.09
46.80	74.06	42.11	16	1.50	0.01
55.98	54.52	61.04	16	1.50	0.02
58.60	56.79	63.76	16	1.50	0.03
59.16	57.16	64.63	16	1.50	0.04
60.14	58.08	65.72	16	1.50	0.05
60.86	58.86	66.35	16	1.50	0.06
61.43	59.51	66.72	16	1.50	0.07
60.91	58.87	66.36	16	1.50	0.08
60.64	58.99	65.73	16	1.50	0.09
48.00	75.34	43.31	16	2.00	0.01
57.72	56.26	62.75	16	2.00	0.02
62.06	60.13	67.43	16	2.00	0.03
63.37	61.58	68.64	16	2.00	0.04
65.15	63.48	70.27	16	2.00	0.05
64.92	63.34	69.91	16	2.00	0.06
64.65	63.11	69.59	16	2.00	0.07
65.10	63.48	70.16	16	2.00	0.08
64.48	63.23	69.23	16	2.00	0.09
46.84	74.47	41.62	16	2.50	0.01
57.64	56.49	62.32	16	2.50	0.02
61.43	59.91	66.37	16	2.50	0.03
62.84	61.47	67.54	16	2.50	0.04
63.56	62.14	68.19	16	2.50	0.05
64.13	63.01	68.57	16	2.50	0.06
63.69	62.48	68.23	16	2.50	0.07
64.20	62.85	68.79	16	2.50	0.08
63.89	62.58	68.51	16	2.50	0.09
46.90	74.51	41.67	16	3.00	0.01
57.20	56.26	61.89	16	3.00	0.02
63.54	62.30	68.16	16	3.00	0.03
65.35	64.30	69.77	16	3.00	0.04
65.36	63.92	70.09	16	3.00	0.05
66.01	64.83	70.38	16	3.00	0.06
66.22	65.17	70.57	16	3.00	0.07
66.06	65.01	70.39	16	3.00	0.08
65.98	64.74	70.71	16	3.00	0.09
47.16	74.81	41.87	16	3.50	0.01
57.92	57.01	62.32	16	3.50	0.02
63.67	62.63	68.17	16	3.50	0.03
64.73	63.78	69.00	16	3.50	0.04
65.37	64.49	69.43	16	3.50	0.05
65.38	64.58	69.41	16	3.50	0.06
65.09	64.11	69.32	16	3.50	0.07
65.22	64.20	69.47	16	3.50	0.08
65.02	63.80	69.46	16	3.50	0.09
47.43	74.91	42.41	16	4.00	0.01
57.86	56.99	62.14	16	4.00	0.02
64.06	63.22	68.18	16	4.00	0.03
65.32	64.38	69.45	16	4.00	0.04
66.04	64.97	70.18	16	4.00	0.05
66.22	65.19	70.45	16	4.00	0.06
66.32	65.41	70.46	16	4.00	0.07
66.36	65.22	70.83	16	4.00	0.08
66.16	65.02	70.79	16	4.00	0.09
47.31	74.86	42.16	16	4.50	0.01
58.25	57.54	62.37	16	4.50	0.02
63.85	63.10	67.90	16	4.50	0.03
64.28	63.51	68.23	16	4.50	0.04
64.66	64.15	68.35	16	4.50	0.05
65.62	64.90	69.47	16	4.50	0.06
65.95	65.16	69.94	16	4.50	0.07
65.56	64.75	69.64	16	4.50	0.08
65.43	64.25	69.87	16	4.50	0.09
47.03	74.47	42.00	17	1.00	0.01
53.98	52.20	59.10	17	1.00	0.02
59.13	57.75	63.71	17	1.00	0.03
58.45	57.12	62.81	17	1.00	0.04
60.23	59.16	64.37	17	1.00	0.05
61.15	60.23	65.19	17	1.00	0.06
61.75	60.65	65.80	17	1.00	0.07
61.59	60.19	65.93	17	1.00	0.08
61.60	60.50	65.80	17	1.00	0.09
46.65	74.20	41.42	17	1.50	0.01
55.20	54.76	58.87	17	1.50	0.02
58.79	57.97	62.76	17	1.50	0.03
59.25	58.39	63.38	17	1.50	0.04
60.54	59.49	64.84	17	1.50	0.05
61.15	60.20	65.27	17	1.50	0.06
61.33	60.28	65.57	17	1.50	0.07
60.60	59.50	64.85	17	1.50	0.08
60.33	59.40	64.44	17	1.50	0.09
48.18	75.83	42.84	17	2.00	0.01
57.75	57.33	61.51	17	2.00	0.02
61.22	60.21	65.47	17	2.00	0.03
62.97	62.51	66.75	17	2.00	0.04
64.60	64.13	68.19	17	2.00	0.05
64.29	63.85	67.83	17	2.00	0.06
64.37	63.69	68.14	17	2.00	0.07
64.23	63.60	67.96	17	2.00	0.08
63.99	63.39	67.76	17	2.00	0.09
47.17	74.98	41.61	17	2.50	0.01
57.93	57.78	61.34	17	2.50	0.02
61.22	60.75	64.95	17	2.50	0.03
62.63	62.28	66.08	17	2.50	0.04
63.57	63.15	67.15	17	2.50	0.05
63.33	62.91	66.90	17	2.50	0.06
63.58	63.12	67.15	17	2.50	0.07
63.50	62.93	67.02	17	2.50	0.08
63.63	63.23	67.21	17	2.50	0.09
46.91	74.76	41.25	17	3.00	0.01
56.76	56.74	60.12	17	3.00	0.02
62.77	62.37	66.33	17	3.00	0.03
65.14	64.99	68.45	17	3.00	0.04
64.85	64.52	68.28	17	3.00	0.05
65.63	65.48	68.80	17	3.00	0.06
65.38	65.04	68.70	17	3.00	0.07
65.58	65.33	68.85	17	3.00	0.08
65.55	65.20	69.04	17	3.00	0.09
47.06	74.97	41.32	17	3.50	0.01
57.50	57.36	60.84	17	3.50	0.02
63.38	63.16	66.83	17	3.50	0.03
64.23	64.20	67.42	17	3.50	0.04
65.04	64.93	68.04	17	3.50	0.05
65.14	65.23	68.06	17	3.50	0.06
64.96	64.93	68.01	17	3.50	0.07
64.38	63.97	67.75	17	3.50	0.08
64.13	63.73	67.54	17	3.50	0.09
47.14	74.91	41.63	17	4.00	0.01
57.75	57.76	60.83	17	4.00	0.02
64.02	64.13	66.93	17	4.00	0.03
64.97	65.09	67.98	17	4.00	0.04
65.96	65.89	68.85	17	4.00	0.05
65.56	65.56	68.52	17	4.00	0.06
66.34	66.44	69.32	17	4.00	0.07
66.63	66.50	69.77	17	4.00	0.08
66.07	65.93	69.39	17	4.00	0.09
47.08	74.94	41.41	17	4.50	0.01
57.61	57.62	60.73	17	4.50	0.02
63.66	63.77	66.66	17	4.50	0.03
64.48	64.70	67.22	17	4.50	0.04
64.79	65.04	67.48	17	4.50	0.05
65.50	65.82	68.18	17	4.50	0.06
65.88	66.12	68.67	17	4.50	0.07
65.35	65.42	68.41	17	4.50	0.08
65.52	65.52	68.67	17	4.50	0.09
46.82	74.48	41.44	18	1.00	0.01
53.79	53.12	57.53	18	1.00	0.02
57.94	57.26	61.48	18	1.00	0.03
58.33	58.08	61.52	18	1.00	0.04
59.85	59.67	62.97	18	1.00	0.05
60.85	60.80	63.65	18	1.00	0.06
61.47	61.32	64.37	18	1.00	0.07
61.27	61.19	64.19	18	1.00	0.08
61.34	61.44	64.15	18	1.00	0.09
46.42	74.19	40.74	18	1.50	0.01
54.63	54.87	57.43	18	1.50	0.02
59.19	59.67	61.88	18	1.50	0.03
59.48	59.45	62.52	18	1.50	0.04
60.30	60.39	63.19	18	1.50	0.05
60.79	60.87	63.59	18	1.50	0.06
61.21	61.23	64.22	18	1.50	0.07
61.06	61.14	63.91	18	1.50	0.08
60.96	60.88	64.03	18	1.50	0.09
48.00	75.96	42.17	18	2.00	0.01
57.04	57.28	59.87	18	2.00	0.02
60.31	60.44	63.11	18	2.00	0.03
62.72	63.30	65.25	18	2.00	0.04
64.18	64.89	66.62	18	2.00	0.05
63.80	64.24	66.29	18	2.00	0.06
64.05	64.49	66.45	18	2.00	0.07
63.94	64.39	66.50	18	2.00	0.08
63.95	64.67	66.29	18	2.00	0.09
47.48	75.54	41.42	18	2.50	0.01
57.09	57.75	59.58	18	2.50	0.02
61.40	62.05	63.81	18	2.50	0.03
62.47	63.12	64.83	18	2.50	0.04
62.86	63.34	65.43	18	2.50	0.05
62.53	62.98	64.94	18	2.50	0.06
63.19	63.86	65.62	18	2.50	0.07
63.39	63.71	65.91	18	2.50	0.08
62.78	63.17	65.39	18	2.50	0.09
46.91	75.07	40.76	18	3.00	0.01
56.09	56.67	58.59	18	3.00	0.02
62.76	63.38	65.21	18	3.00	0.03
64.66	65.68	66.76	18	3.00	0.04
65.08	65.87	67.30	18	3.00	0.05
65.61	66.55	67.63	18	3.00	0.06
65.80	66.57	67.93	18	3.00	0.07
65.56	66.30	67.77	18	3.00	0.08
65.19	65.90	67.46	18	3.00	0.09
47.03	75.23	40.85	18	3.50	0.01
57.67	58.31	59.94	18	3.50	0.02
63.46	64.42	65.54	18	3.50	0.03
64.11	65.04	66.16	18	3.50	0.04
64.38	65.24	66.32	18	3.50	0.05
64.78	65.79	66.64	18	3.50	0.06
64.24	65.21	66.27	18	3.50	0.07
64.58	65.31	66.68	18	3.50	0.08
64.58	65.24	66.90	18	3.50	0.09
46.89	74.96	40.87	18	4.00	0.01
57.61	58.39	59.81	18	4.00	0.02
63.74	64.82	65.59	18	4.00	0.03
64.97	66.09	66.80	18	4.00	0.04
65.70	66.78	67.40	18	4.00	0.05
66.13	67.15	67.91	18	4.00	0.06
66.16	67.19	68.08	18	4.00	0.07
65.84	66.76	67.74	18	4.00	0.08
65.93	66.95	67.95	18	4.00	0.09
47.10	75.36	40.92	18	4.50	0.01
57.55	58.55	59.46	18	4.50	0.02
63.36	64.43	65.21	18	4.50	0.03
64.74	65.70	66.60	18	4.50	0.04
64.52	65.78	66.15	18	4.50	0.05
65.64	66.74	67.40	18	4.50	0.06
65.71	66.87	67.57	18	4.50	0.07
65.00	66.05	66.91	18	4.50	0.08
65.40	66.35	67.45	18	4.50	0.09
46.73	74.70	40.81	19	1.00	0.01
54.44	54.70	56.99	19	1.00	0.02
57.61	57.94	60.17	19	1.00	0.03
57.95	58.73	59.99	19	1.00	0.04
59.64	60.60	61.45	19	1.00	0.05
60.50	61.68	62.22	19	1.00	0.06
60.53	61.05	62.67	19	1.00	0.07
60.99	61.95	62.80	19	1.00	0.08
60.96	61.96	62.79	19	1.00	0.09
46.79	74.89	40.59	19	1.50	0.01
54.13	55.21	56.02	19	1.50	0.02
59.09	60.27	60.96	19	1.50	0.03
59.42	60.29	61.44	19	1.50	0.04
59.94	61.06	61.78	19	1.50	0.05
59.98	60.99	61.85	19	1.50	0.06
60.60	61.57	62.48	19	1.50	0.07
60.61	61.47	62.58	19	1.50	0.08
60.40	61.16	62.43	19	1.50	0.09
47.72	75.94	41.41	19	2.00	0.01
55.93	56.89	57.94	19	2.00	0.02
60.25	61.59	61.85	19	2.00	0.03
63.05	64.67	64.48	19	2.00	0.04
63.95	65.57	65.35	19	2.00	0.05
63.37	64.98	64.75	19	2.00	0.06
63.95	65.80	65.12	19	2.00	0.07
63.36	64.96	64.66	19	2.00	0.08
62.93	64.76	64.23	19	2.00	0.09
47.40	75.77	40.90	19	2.50	0.01
56.47	57.74	58.25	19	2.50	0.02
61.08	62.79	62.44	19	2.50	0.03
62.13	63.59	63.65	19	2.50	0.04
62.29	63.94	63.61	19	2.50	0.05
62.19	63.91	63.39	19	2.50	0.06
62.40	63.97	63.75	19	2.50	0.07
62.73	64.28	64.10	19	2.50	0.08
61.85	63.26	63.38	19	2.50	0.09
46.38	74.75	39.90	19	3.00	0.01
56.23	57.88	57.68	19	3.00	0.02
62.12	63.79	63.35	19	3.00	0.03
63.75	65.63	64.90	19	3.00	0.04
64.83	66.82	65.96	19	3.00	0.05
64.78	66.75	65.94	19	3.00	0.06
65.01	66.83	66.18	19	3.00	0.07
65.14	66.85	66.39	19	3.00	0.08
64.62	66.31	65.85	19	3.00	0.09
46.70	75.15	40.13	19	3.50	0.01
57.04	58.71	58.31	19	3.50	0.02
63.24	65.34	64.13	19	3.50	0.03
64.17	65.92	65.41	19	3.50	0.04
64.06	66.00	65.05	19	3.50	0.05
64.05	65.95	65.06	19	3.50	0.06
64.09	66.11	65.07	19	3.50	0.07
63.95	65.89	64.91	19	3.50	0.08
64.03	65.79	65.28	19	3.50	0.09
46.54	75.01	39.92	19	4.00	0.01
57.34	59.04	58.52	19	4.00	0.02
62.96	65.02	63.81	19	4.00	0.03
64.22	66.15	65.25	19	4.00	0.04
65.53	67.43	66.35	19	4.00	0.05
65.71	67.81	66.59	19	4.00	0.06
65.56	67.47	66.52	19	4.00	0.07
65.52	67.65	66.26	19	4.00	0.08
65.04	66.87	66.17	19	4.00	0.09
46.70	75.28	40.01	19	4.50	0.01
57.47	59.41	58.37	19	4.50	0.02
63.17	65.21	63.88	19	4.50	0.03
64.36	66.48	65.08	19	4.50	0.04
64.17	66.49	64.75	19	4.50	0.05
64.75	66.97	65.44	19	4.50	0.06
65.24	67.15	66.29	19	4.50	0.07
64.29	66.20	65.22	19	4.50	0.08
64.69	66.59	65.68	19	4.50	0.09
46.64	74.97	40.15	20	1.00	0.01
53.98	55.09	55.52	20	1.00	0.02
57.32	58.47	58.98	20	1.00	0.03
57.74	59.24	58.93	20	1.00	0.04
59.35	61.15	60.33	20	1.00	0.05
59.69	61.58	60.66	20	1.00	0.06
59.97	61.39	61.18	20	1.00	0.07
60.21	61.98	61.20	20	1.00	0.08
60.82	62.76	61.77	20	1.00	0.09
46.63	75.05	40.00	20	1.50	0.01
54.31	55.95	55.54	20	1.50	0.02
58.32	60.18	59.44	20	1.50	0.03
59.03	60.76	60.17	20	1.50	0.04
59.68	61.68	60.72	20	1.50	0.05
59.68	61.51	60.71	20	1.50	0.06
60.01	62.18	60.82	20	1.50	0.07
60.19	61.97	61.18	20	1.50	0.08
59.98	61.89	61.02	20	1.50	0.09
47.81	76.31	41.10	20	2.00	0.01
55.37	57.10	56.44	20	2.00	0.02
59.42	61.32	60.36	20	2.00	0.03
62.21	64.59	62.89	20	2.00	0.04
62.84	65.39	63.31	20	2.00	0.05
62.12	64.59	62.60	20	2.00	0.06
62.56	64.99	63.10	20	2.00	0.07
62.71	65.21	63.09	20	2.00	0.08
62.36	65.07	62.76	20	2.00	0.09
47.09	75.68	40.21	20	2.50	0.01
55.76	57.73	56.77	20	2.50	0.02
60.28	62.80	60.82	20	2.50	0.03
62.10	64.62	62.64	20	2.50	0.04
61.72	64.43	62.03	20	2.50	0.05
61.06	63.44	61.51	20	2.50	0.06
61.02	63.47	61.59	20	2.50	0.07
61.60	64.19	61.96	20	2.50	0.08
60.96	63.11	61.67	20	2.50	0.09
46.27	74.92	39.43	20	3.00	0.01
56.01	58.34	56.70	20	3.00	0.02
61.96	64.72	62.10	20	3.00	0.03
63.56	66.44	63.69	20	3.00	0.04
64.46	67.44	64.71	20	3.00	0.05
64.15	67.17	64.25	20	3.00	0.06
64.75	67.89	64.75	20	3.00	0.07
64.24	67.26	64.33	20	3.00	0.08
63.67	66.26	63.98	20	3.00	0.09
46.55	75.27	39.58	20	3.50	0.01
55.98	58.55	56.41	20	3.50	0.02
63.26	66.43	63.15	20	3.50	0.03
63.46	66.29	63.65	20	3.50	0.04
63.83	66.61	63.96	20	3.50	0.05
63.10	66.02	63.10	20	3.50	0.06
63.07	66.20	62.95	20	3.50	0.07
63.40	66.44	63.32	20	3.50	0.08
63.51	66.43	63.57	20	3.50	0.09
46.58	75.37	39.53	20	4.00	0.01
57.18	59.92	57.38	20	4.00	0.02
62.10	65.09	62.11	20	4.00	0.03
64.25	67.34	64.12	20	4.00	0.04
65.35	68.40	65.19	20	4.00	0.05
64.85	67.88	64.71	20	4.00	0.06
64.37	67.43	64.22	20	4.00	0.07
64.31	67.23	64.31	20	4.00	0.08
64.00	66.78	64.18	20	4.00	0.09
46.68	75.45	39.74	20	4.50	0.01
56.86	59.46	57.09	20	4.50	0.02
62.14	65.12	62.04	20	4.50	0.03
63.74	66.74	63.60	20	4.50	0.04
63.99	67.32	63.75	20	4.50	0.05
64.15	67.42	63.93	20	4.50	0.06
64.50	67.76	64.25	20	4.50	0.07
63.72	66.83	63.52	20	4.50	0.08
64.54	67.73	64.36	20	4.50	0.09
46.37	74.81	39.69	21	1.00	0.01
53.51	55.52	54.19	21	1.00	0.02
56.31	58.29	57.17	21	1.00	0.03
57.61	59.94	58.09	21	1.00	0.04
58.57	61.15	58.79	21	1.00	0.05
58.88	61.54	59.05	21	1.00	0.06
59.12	61.67	59.27	21	1.00	0.07
59.26	61.87	59.39	21	1.00	0.08
60.34	63.12	60.43	21	1.00	0.09
46.37	75.10	39.29	21	1.50	0.01
53.29	55.50	53.91	21	1.50	0.02
58.12	60.74	58.44	21	1.50	0.03
58.71	61.18	59.00	21	1.50	0.04
58.87	61.60	59.18	21	1.50	0.05
58.69	61.40	58.90	21	1.50	0.06
59.55	62.39	59.68	21	1.50	0.07
60.01	62.88	60.01	21	1.50	0.08
58.89	61.65	59.10	21	1.50	0.09
47.45	76.23	40.36	21	2.00	0.01
54.91	57.47	55.26	21	2.00	0.02
59.02	61.74	59.16	21	2.00	0.03
61.54	64.80	61.26	21	2.00	0.04
61.39	64.54	61.15	21	2.00	0.05
60.98	63.93	60.87	21	2.00	0.06
61.58	64.93	61.30	21	2.00	0.07
61.98	65.41	61.48	21	2.00	0.08
61.65	65.37	61.05	21	2.00	0.09
46.99	75.80	39.72	21	2.50	0.01
55.14	57.65	55.49	21	2.50	0.02
60.59	63.87	60.36	21	2.50	0.03
61.68	65.03	61.48	21	2.50	0.04
61.37	65.00	60.81	21	2.50	0.05
60.83	64.40	60.25	21	2.50	0.06
60.44	63.48	60.21	21	2.50	0.07
60.99	64.28	60.66	21	2.50	0.08
60.01	62.99	59.90	21	2.50	0.09
46.16	75.00	39.00	21	3.00	0.01
55.95	59.16	55.78	21	3.00	0.02
61.08	64.68	60.51	21	3.00	0.03
62.26	65.79	61.71	21	3.00	0.04
63.68	67.54	63.08	21	3.00	0.05
63.71	67.52	62.99	21	3.00	0.06
63.56	67.37	62.83	21	3.00	0.07
63.10	66.96	62.27	21	3.00	0.08
62.81	66.24	62.31	21	3.00	0.09
46.40	75.31	39.14	21	3.50	0.01
56.22	59.67	55.86	21	3.50	0.02
62.19	66.02	61.53	21	3.50	0.03
62.44	66.09	61.86	21	3.50	0.04
62.97	66.88	62.14	21	3.50	0.05
62.03	65.68	61.38	21	3.50	0.06
62.14	66.01	61.24	21	3.50	0.07
62.15	66.06	61.30	21	3.50	0.08
62.03	65.46	61.55	21	3.50	0.09
46.48	75.45	39.20	21	4.00	0.01
56.54	59.83	56.13	21	4.00	0.02
61.51	65.18	60.95	21	4.00	0.03
63.31	67.25	62.48	21	4.00	0.04
64.98	69.09	63.91	21	4.00	0.05
64.03	68.17	62.88	21	4.00	0.06
64.28	68.50	63.18	21	4.00	0.07
63.89	68.14	62.81	21	4.00	0.08
63.59	67.55	62.79	21	4.00	0.09
46.63	75.78	39.23	21	4.50	0.01
56.53	59.96	56.05	21	4.50	0.02
61.46	65.11	60.76	21	4.50	0.03
63.52	67.63	62.46	21	4.50	0.04
63.71	67.94	62.66	21	4.50	0.05
63.45	67.72	62.45	21	4.50	0.06
63.94	68.07	62.90	21	4.50	0.07
63.38	67.27	62.45	21	4.50	0.08
63.60	67.59	62.80	21	4.50	0.09
46.37	75.08	39.34	22	1.00	0.01
53.43	56.35	53.34	22	1.00	0.02
55.64	58.16	55.90	22	1.00	0.03
56.56	59.36	56.55	22	1.00	0.04
58.51	61.66	58.19	22	1.00	0.05
58.58	61.74	58.18	22	1.00	0.06
58.71	61.92	58.24	22	1.00	0.07
58.41	61.55	57.93	22	1.00	0.08
59.42	62.64	59.01	22	1.00	0.09
46.65	75.57	39.33	22	1.50	0.01
53.46	56.34	53.34	22	1.50	0.02
57.72	61.10	57.24	22	1.50	0.03
57.91	61.15	57.55	22	1.50	0.04
58.78	62.54	58.11	22	1.50	0.05
58.29	61.83	57.67	22	1.50	0.06
58.88	62.36	58.27	22	1.50	0.07
58.91	62.64	58.13	22	1.50	0.08
57.60	61.06	57.07	22	1.50	0.09
47.23	76.29	39.77	22	2.00	0.01
54.52	57.76	54.15	22	2.00	0.02
58.30	62.15	57.45	22	2.00	0.03
60.02	64.06	59.07	22	2.00	0.04
60.75	64.90	59.64	22	2.00	0.05
60.54	64.53	59.50	22	2.00	0.06
60.97	65.14	59.82	22	2.00	0.07
61.38	65.83	60.05	22	2.00	0.08
60.77	65.01	59.62	22	2.00	0.09
46.78	75.79	39.27	22	2.50	0.01
54.87	58.20	54.51	22	2.50	0.02
59.90	64.11	58.88	22	2.50	0.03
60.37	64.56	59.45	22	2.50	0.04
60.49	64.94	59.28	22	2.50	0.05
60.03	64.22	58.86	22	2.50	0.06
59.68	63.43	58.78	22	2.50	0.07
59.52	63.33	58.69	22	2.50	0.08
59.32	63.11	58.45	22	2.50	0.09
46.46	75.50	38.95	22	3.00	0.01
54.94	58.64	54.17	22	3.00	0.02
60.04	64.20	58.98	22	3.00	0.03
61.51	65.98	60.28	22	3.00	0.04
62.41	67.07	61.05	22	3.00	0.05
62.91	67.70	61.39	22	3.00	0.06
62.68	67.25	61.21	22	3.00	0.07
61.97	66.40	60.59	22	3.00	0.08
61.86	66.08	60.65	22	3.00	0.09
46.40	75.59	38.82	22	3.50	0.01
56.18	60.21	55.23	22	3.50	0.02
61.62	66.16	60.26	22	3.50	0.03
61.94	66.67	60.41	22	3.50	0.04
62.19	66.85	60.65	22	3.50	0.05
61.22	65.65	59.68	22	3.50	0.06
61.51	66.36	59.76	22	3.50	0.07
61.36	66.11	59.72	22	3.50	0.08
61.14	65.35	59.89	22	3.50	0.09
46.10	75.22	38.59	22	4.00	0.01
55.77	59.84	54.70	22	4.00	0.02
61.68	66.30	60.22	22	4.00	0.03
63.00	67.73	61.42	22	4.00	0.04
63.94	68.98	62.00	22	4.00	0.05
63.05	67.74	61.29	22	4.00	0.06
63.06	68.06	61.18	22	4.00	0.07
62.35	66.95	60.78	22	4.00	0.08
62.68	67.38	61.23	22	4.00	0.09
46.44	75.69	38.85	22	4.50	0.01
55.74	59.68	54.69	22	4.50	0.02
60.90	65.48	59.37	22	4.50	0.03
62.26	66.95	60.70	22	4.50	0.04
62.73	67.54	61.05	22	4.50	0.05
62.65	67.54	61.09	22	4.50	0.06
62.63	67.19	61.17	22	4.50	0.07
62.58	67.32	60.92	22	4.50	0.08
63.00	67.66	61.50	22	4.50	0.09
46.29	75.36	38.81	23	1.00	0.01
53.45	57.12	52.73	23	1.00	0.02
54.72	57.83	54.38	23	1.00	0.03
56.14	59.40	55.66	23	1.00	0.04
56.83	60.47	55.94	23	1.00	0.05
58.26	62.28	57.01	23	1.00	0.06
57.37	61.43	56.22	23	1.00	0.07
57.75	61.46	56.69	23	1.00	0.08
58.69	62.41	57.79	23	1.00	0.09
46.12	75.25	38.54	23	1.50	0.01
53.21	56.69	52.50	23	1.50	0.02
56.21	60.03	55.22	23	1.50	0.03
57.25	61.16	56.24	23	1.50	0.04
57.88	62.29	56.53	23	1.50	0.05
57.75	62.19	56.26	23	1.50	0.06
57.85	62.05	56.49	23	1.50	0.07
57.75	62.00	56.40	23	1.50	0.08
56.72	60.80	55.60	23	1.50	0.09
46.77	76.00	39.06	23	2.00	0.01
54.18	58.19	53.12	23	2.00	0.02
57.50	61.97	56.08	23	2.00	0.03
59.04	64.12	57.27	23	2.00	0.04
60.10	64.90	58.30	23	2.00	0.05
60.40	65.34	58.54	23	2.00	0.06
60.19	65.19	58.22	23	2.00	0.07
60.09	65.13	58.20	23	2.00	0.08
60.07	65.10	58.18	23	2.00	0.09
46.50	75.73	38.79	23	2.50	0.01
55.18	59.32	53.92	23	2.50	0.02
58.22	62.92	56.61	23	2.50	0.03
59.72	64.63	58.03	23	2.50	0.04
59.81	64.92	57.89	23	2.50	0.05
59.00	63.73	57.24	23	2.50	0.06
59.06	63.91	57.27	23	2.50	0.07
59.02	63.81	57.26	23	2.50	0.08
58.55	63.07	57.12	23	2.50	0.09
46.35	75.53	38.64	23	3.00	0.01
54.32	58.53	53.03	23	3.00	0.02
59.10	63.85	57.50	23	3.00	0.03
60.80	66.15	58.72	23	3.00	0.04
61.52	67.07	59.27	23	3.00	0.05
62.21	67.61	60.07	23	3.00	0.06
62.12	67.56	59.85	23	3.00	0.07
61.63	66.90	59.52	23	3.00	0.08
61.25	66.21	59.36	23	3.00	0.09
46.26	75.52	38.54	23	3.50	0.01
55.56	60.09	54.02	23	3.50	0.02
60.48	65.86	58.42	23	3.50	0.03
60.96	66.60	58.74	23	3.50	0.04
61.36	66.90	59.14	23	3.50	0.05
60.86	66.11	58.53	23	3.50	0.06
60.69	65.95	58.48	23	3.50	0.07
60.23	65.24	58.30	23	3.50	0.08
60.03	65.00	58.27	23	3.50	0.09
46.03	75.28	38.33	23	4.00	0.01
55.22	59.86	53.66	23	4.00	0.02
60.18	65.47	58.09	23	4.00	0.03
61.70	67.25	59.41	23	4.00	0.04
62.44	67.80	60.17	23	4.00	0.05
62.33	67.86	59.95	23	4.00	0.06
61.42	66.64	59.23	23	4.00	0.07
61.15	66.50	59.00	23	4.00	0.08
61.88	67.09	59.94	23	4.00	0.09
46.08	75.58	38.15	23	4.50	0.01
55.29	59.95	53.59	23	4.50	0.02
60.09	65.50	57.86	23	4.50	0.03
61.72	67.14	59.54	23	4.50	0.04
61.69	67.18	59.40	23	4.50	0.05
61.55	67.17	59.23	23	4.50	0.06
61.17	66.56	59.01	23	4.50	0.07
60.58	65.71	58.54	23	4.50	0.08
61.16	66.56	59.12	23	4.50	0.09
46.04	75.40	38.19	24	1.00	0.01
52.55	56.56	51.48	24	1.00	0.02
54.51	58.04	53.75	24	1.00	0.03
55.77	59.87	54.44	24	1.00	0.04
55.90	60.06	54.58	24	1.00	0.05
57.26	61.86	55.34	24	1.00	0.06
56.34	60.85	54.66	24	1.00	0.07
57.14	61.41	55.47	24	1.00	0.08
57.53	61.92	56.04	24	1.00	0.09
45.63	74.93	37.82	24	1.50	0.01
52.71	56.88	51.37	24	1.50	0.02
55.78	60.10	54.26	24	1.50	0.03
56.72	61.36	55.03	24	1.50	0.04
57.43	62.38	55.45	24	1.50	0.05
56.92	61.99	54.84	24	1.50	0.06
56.76	61.67	54.80	24	1.50	0.07
56.68	61.65	54.68	24	1.50	0.08
56.15	60.92	54.39	24	1.50	0.09
46.28	75.67	38.33	24	2.00	0.01
53.98	58.67	52.31	24	2.00	0.02
57.09	62.19	54.96	24	2.00	0.03
58.35	63.91	56.03	24	2.00	0.04
59.36	64.63	57.03	24	2.00	0.05
59.35	64.79	56.93	24	2.00	0.06
58.63	63.86	56.45	24	2.00	0.07
58.56	64.27	56.10	24	2.00	0.08
58.89	64.33	56.61	24	2.00	0.09
46.49	75.99	38.49	24	2.50	0.01
54.79	59.62	52.90	24	2.50	0.02
57.24	62.56	55.09	24	2.50	0.03
59.61	65.29	57.16	24	2.50	0.04
59.21	64.71	56.80	24	2.50	0.05
58.44	63.88	56.03	24	2.50	0.06
58.11	63.33	55.88	24	2.50	0.07
58.02	63.31	55.76	24	2.50	0.08
57.76	62.93	55.72	24	2.50	0.09
46.52	75.85	38.66	24	3.00	0.01
53.89	58.63	52.13	24	3.00	0.02
58.23	63.68	55.90	24	3.00	0.03
59.79	65.86	57.03	24	3.00	0.04
60.78	66.65	58.07	24	3.00	0.05
61.12	67.16	58.39	24	3.00	0.06
61.39	67.40	58.53	24	3.00	0.07
60.36	66.37	57.66	24	3.00	0.08
59.69	65.06	57.44	24	3.00	0.09
46.19	75.66	38.18	24	3.50	0.01
55.15	60.19	53.09	24	3.50	0.02
60.14	66.11	57.42	24	3.50	0.03
60.13	66.35	57.28	24	3.50	0.04
60.27	66.15	57.57	24	3.50	0.05
60.18	65.92	57.46	24	3.50	0.06
59.77	65.54	57.06	24	3.50	0.07
59.18	64.87	56.64	24	3.50	0.08
59.24	64.84	56.89	24	3.50	0.09
45.38	74.90	37.32	24	4.00	0.01
54.18	59.27	52.17	24	4.00	0.02
59.36	65.18	56.63	24	4.00	0.03
60.27	66.27	57.54	24	4.00	0.04
61.07	67.06	58.22	24	4.00	0.05
60.81	67.04	57.88	24	4.00	0.06
60.75	66.69	57.98	24	4.00	0.07
60.70	66.77	58.00	24	4.00	0.08
60.57	66.50	58.04	24	4.00	0.09
45.70	75.27	37.64	24	4.50	0.01
54.50	59.57	52.39	24	4.50	0.02
58.94	65.02	56.09	24	4.50	0.03
60.71	66.59	58.00	24	4.50	0.04
61.32	67.57	58.33	24	4.50	0.05
60.92	67.34	58.03	24	4.50	0.06
60.11	66.33	57.29	24	4.50	0.07
60.04	65.88	57.32	24	4.50	0.08
60.07	66.22	57.35	24	4.50	0.09
45.65	75.07	37.62	25	1.00	0.01
51.79	56.42	50.15	25	1.00	0.02
53.91	57.93	52.59	25	1.00	0.03
55.22	59.92	53.33	25	1.00	0.04
54.91	59.87	52.97	25	1.00	0.05
56.68	61.94	54.21	25	1.00	0.06
56.01	61.19	53.70	25	1.00	0.07
55.94	60.82	53.84	25	1.00	0.08
56.40	61.44	54.32	25	1.00	0.09
45.61	75.17	37.48	25	1.50	0.01
52.74	57.63	50.76	25	1.50	0.02
55.33	60.32	53.21	25	1.50	0.03
56.42	61.88	54.05	25	1.50	0.04
56.08	61.47	53.66	25	1.50	0.05
55.88	61.38	53.37	25	1.50	0.06
56.35	61.94	53.87	25	1.50	0.07
55.95	61.43	53.50	25	1.50	0.08
55.60	60.98	53.28	25	1.50	0.09
46.19	75.83	37.96	25	2.00	0.01
53.35	58.70	51.11	25	2.00	0.02
56.75	62.40	54.11	25	2.00	0.03
58.02	64.15	55.22	25	2.00	0.04
58.73	64.66	55.79	25	2.00	0.05
57.92	63.91	55.10	25	2.00	0.06
57.36	63.14	54.59	25	2.00	0.07
57.49	63.50	54.70	25	2.00	0.08
57.30	63.21	54.69	25	2.00	0.09
46.27	76.08	37.94	25	2.50	0.01
54.05	59.39	51.75	25	2.50	0.02
57.02	62.86	54.39	25	2.50	0.03
58.90	65.06	56.03	25	2.50	0.04
58.33	64.35	55.47	25	2.50	0.05
57.38	63.23	54.64	25	2.50	0.06
57.47	63.42	54.69	25	2.50	0.07
57.17	63.00	54.45	25	2.50	0.08
57.00	62.65	54.51	25	2.50	0.09
46.19	75.77	38.01	25	3.00	0.01
53.29	58.61	50.95	25	3.00	0.02
57.56	63.62	54.67	25	3.00	0.03
59.30	65.94	56.02	25	3.00	0.04
59.63	65.98	56.52	25	3.00	0.05
59.69	65.91	56.65	25	3.00	0.06
59.77	66.15	56.52	25	3.00	0.07
59.09	65.66	55.83	25	3.00	0.08
58.83	64.85	55.98	25	3.00	0.09
46.20	75.86	37.97	25	3.50	0.01
53.97	59.25	51.71	25	3.50	0.02
59.75	66.42	56.43	25	3.50	0.03
59.60	66.35	56.28	25	3.50	0.04
59.62	66.42	56.12	25	3.50	0.05
58.74	65.09	55.54	25	3.50	0.06
58.33	64.48	55.26	25	3.50	0.07
58.26	64.25	55.51	25	3.50	0.08
58.75	65.13	55.76	25	3.50	0.09
45.37	75.02	37.15	25	4.00	0.01
53.72	59.23	51.22	25	4.00	0.02
58.20	64.47	55.12	25	4.00	0.03
59.44	66.14	56.16	25	4.00	0.04
59.09	65.42	55.93	25	4.00	0.05
59.44	66.24	56.06	25	4.00	0.06
59.35	65.98	56.07	25	4.00	0.07
59.10	65.43	56.09	25	4.00	0.08
58.89	65.21	55.96	25	4.00	0.09
45.44	75.15	37.22	25	4.50	0.01
54.19	59.77	51.61	25	4.50	0.02
57.86	64.14	54.73	25	4.50	0.03
59.49	65.86	56.33	25	4.50	0.04
59.89	66.75	56.40	25	4.50	0.05
59.37	66.29	56.06	25	4.50	0.06
59.13	66.13	55.76	25	4.50	0.07
58.60	65.12	55.43	25	4.50	0.08
58.68	65.44	55.54	25	4.50	0.09
45.66	75.40	37.30	26	1.00	0.01
51.34	56.50	49.24	26	1.00	0.02
53.16	57.98	51.20	26	1.00	0.03
54.24	59.75	51.81	26	1.00	0.04
54.67	60.51	51.98	26	1.00	0.05
55.66	61.54	52.71	26	1.00	0.06
54.85	60.31	52.24	26	1.00	0.07
55.71	61.34	52.98	26	1.00	0.08
55.72	61.23	53.12	26	1.00	0.09
45.24	74.99	36.89	26	1.50	0.01
52.06	57.39	49.66	26	1.50	0.02
54.30	59.87	51.66	26	1.50	0.03
55.62	61.46	52.83	26	1.50	0.04
55.11	61.08	52.27	26	1.50	0.05
55.19	60.93	52.35	26	1.50	0.06
55.27	61.21	52.38	26	1.50	0.07
55.49	61.52	52.63	26	1.50	0.08
54.65	60.41	51.99	26	1.50	0.09
45.68	75.57	37.24	26	2.00	0.01
53.00	58.85	50.33	26	2.00	0.02
55.88	62.03	52.87	26	2.00	0.03
57.18	63.80	54.01	26	2.00	0.04
57.24	63.73	53.88	26	2.00	0.05
56.41	62.74	53.24	26	2.00	0.06
56.17	62.35	53.09	26	2.00	0.07
56.00	62.49	52.78	26	2.00	0.08
56.44	62.95	53.35	26	2.00	0.09
45.82	75.92	37.27	26	2.50	0.01
53.14	58.94	50.46	26	2.50	0.02
56.87	63.23	53.76	26	2.50	0.03
57.91	64.41	54.69	26	2.50	0.04
56.99	63.50	53.79	26	2.50	0.05
55.80	61.84	52.86	26	2.50	0.06
56.13	62.24	53.11	26	2.50	0.07
55.96	61.97	53.06	26	2.50	0.08
55.97	61.82	53.29	26	2.50	0.09
46.14	75.98	37.71	26	3.00	0.01
52.75	58.52	49.98	26	3.00	0.02
57.00	63.84	53.45	26	3.00	0.03
58.42	65.54	54.76	26	3.00	0.04
58.24	64.99	54.74	26	3.00	0.05
58.51	65.03	55.17	26	3.00	0.06
58.60	65.19	55.15	26	3.00	0.07
58.32	65.17	54.76	26	3.00	0.08
57.41	64.07	54.09	26	3.00	0.09
46.27	76.19	37.81	26	3.50	0.01
53.52	59.38	50.77	26	3.50	0.02
58.35	65.51	54.59	26	3.50	0.03
58.86	66.09	55.12	26	3.50	0.04
57.99	65.11	54.18	26	3.50	0.05
57.80	64.79	54.08	26	3.50	0.06
57.89	64.69	54.39	26	3.50	0.07
57.11	63.59	53.88	26	3.50	0.08
57.53	64.21	54.23	26	3.50	0.09
45.41	75.16	37.01	26	4.00	0.01
53.28	59.25	50.46	26	4.00	0.02
56.80	63.38	53.35	26	4.00	0.03
58.34	65.31	54.71	26	4.00	0.04
58.20	65.20	54.59	26	4.00	0.05
58.57	66.06	54.71	26	4.00	0.06
58.30	65.64	54.56	26	4.00	0.07
57.90	64.67	54.53	26	4.00	0.08
58.07	65.09	54.53	26	4.00	0.09
45.50	75.34	37.14	26	4.50	0.01
53.92	60.34	50.83	26	4.50	0.02
57.21	64.11	53.59	26	4.50	0.03
57.94	64.76	54.46	26	4.50	0.04
58.28	65.40	54.60	26	4.50	0.05
58.61	66.07	54.73	26	4.50	0.06
58.19	65.74	54.36	26	4.50	0.07
57.39	64.25	53.95	26	4.50	0.08
57.43	64.54	53.96	26	4.50	0.09
45.62	75.49	37.13	27	1.00	0.01
50.81	56.53	48.34	27	1.00	0.02
52.89	58.63	50.25	27	1.00	0.03
53.03	58.95	50.27	27	1.00	0.04
53.91	60.20	50.98	27	1.00	0.05
54.83	61.20	51.43	27	1.00	0.06
54.16	60.27	51.04	27	1.00	0.07
54.78	60.89	51.71	27	1.00	0.08
54.82	60.83	51.84	27	1.00	0.09
45.36	75.35	36.79	27	1.50	0.01
51.76	57.73	48.89	27	1.50	0.02
53.16	59.43	50.09	27	1.50	0.03
54.33	60.67	51.16	27	1.50	0.04
54.16	60.44	50.93	27	1.50	0.05
54.58	60.84	51.39	27	1.50	0.06
54.36	60.44	51.32	27	1.50	0.07
54.09	60.20	51.01	27	1.50	0.08
54.02	60.10	51.12	27	1.50	0.09
45.51	75.65	36.76	27	2.00	0.01
52.79	59.26	49.60	27	2.00	0.02
55.20	61.97	51.76	27	2.00	0.03
56.24	63.33	52.70	27	2.00	0.04
56.73	63.81	53.02	27	2.00	0.05
55.10	61.62	51.80	27	2.00	0.06
55.28	61.89	51.87	27	2.00	0.07
55.53	62.20	52.10	27	2.00	0.08
55.16	61.86	51.82	27	2.00	0.09
45.97	76.30	37.17	27	2.50	0.01
52.34	58.76	49.27	27	2.50	0.02
56.23	63.20	52.59	27	2.50	0.03
56.34	63.31	52.76	27	2.50	0.04
55.49	62.24	52.02	27	2.50	0.05
55.12	61.67	51.66	27	2.50	0.06
55.00	61.54	51.63	27	2.50	0.07
54.93	61.32	51.69	27	2.50	0.08
54.98	61.21	51.91	27	2.50	0.09
46.11	76.10	37.51	27	3.00	0.01
52.77	59.09	49.64	27	3.00	0.02
56.29	63.46	52.41	27	3.00	0.03
57.39	65.02	53.38	27	3.00	0.04
56.99	64.18	53.23	27	3.00	0.05
57.04	63.86	53.36	27	3.00	0.06
57.32	64.34	53.51	27	3.00	0.07
56.81	64.00	52.97	27	3.00	0.08
56.26	63.16	52.67	27	3.00	0.09
45.87	76.20	37.07	27	3.50	0.01
52.84	59.31	49.79	27	3.50	0.02
56.81	64.24	52.86	27	3.50	0.03
57.03	64.53	53.04	27	3.50	0.04
56.72	64.20	52.75	27	3.50	0.05
56.91	64.27	52.98	27	3.50	0.06
56.01	63.09	52.39	27	3.50	0.07
56.16	63.02	52.55	27	3.50	0.08
55.78	62.66	52.24	27	3.50	0.09
45.40	75.47	36.67	27	4.00	0.01
52.11	58.40	48.98	27	4.00	0.02
55.83	62.92	52.06	27	4.00	0.03
56.83	64.11	52.98	27	4.00	0.04
57.33	65.07	53.18	27	4.00	0.05
56.73	64.37	52.78	27	4.00	0.06
57.38	64.95	53.47	27	4.00	0.07
56.96	64.33	53.15	27	4.00	0.08
56.58	63.89	52.86	27	4.00	0.09
45.28	75.27	36.73	27	4.50	0.01
52.79	59.43	49.48	27	4.50	0.02
56.38	63.75	52.39	27	4.50	0.03
57.42	64.93	53.46	27	4.50	0.04
57.16	64.81	53.10	27	4.50	0.05
57.61	65.63	53.33	27	4.50	0.06
57.36	65.34	53.20	27	4.50	0.07
56.53	63.98	52.70	27	4.50	0.08
56.99	64.64	53.06	27	4.50	0.09
45.82	75.95	37.10	28	1.00	0.01
50.03	56.16	47.24	28	1.00	0.02
52.74	59.08	49.67	28	1.00	0.03
52.31	58.65	49.20	28	1.00	0.04
53.00	59.67	49.70	28	1.00	0.05
54.49	61.62	50.60	28	1.00	0.06
53.28	59.65	50.03	28	1.00	0.07
53.72	60.33	50.29	28	1.00	0.08
53.58	59.92	50.31	28	1.00	0.09
45.47	75.73	36.62	28	1.50	0.01
51.49	57.97	48.28	28	1.50	0.02
52.31	59.02	48.93	28	1.50	0.03
53.57	60.36	49.92	28	1.50	0.04
53.27	59.78	49.91	28	1.50	0.05
53.76	60.41	50.29	28	1.50	0.06
54.05	60.55	50.63	28	1.50	0.07
54.24	60.98	50.60	28	1.50	0.08
53.13	59.71	49.86	28	1.50	0.09
45.09	75.34	36.24	28	2.00	0.01
51.53	58.27	48.25	28	2.00	0.02
54.46	61.68	50.67	28	2.00	0.03
55.07	62.48	51.27	28	2.00	0.04
55.68	63.41	51.59	28	2.00	0.05
54.74	61.80	51.01	28	2.00	0.06
54.27	61.11	50.72	28	2.00	0.07
54.68	61.62	51.01	28	2.00	0.08
54.49	61.54	50.85	28	2.00	0.09
45.79	76.26	36.83	28	2.50	0.01
52.15	59.24	48.59	28	2.50	0.02
54.80	62.23	50.83	28	2.50	0.03
55.25	62.73	51.27	28	2.50	0.04
54.66	61.99	50.84	28	2.50	0.05
54.60	61.85	50.75	28	2.50	0.06
54.23	61.15	50.55	28	2.50	0.07
53.65	60.60	50.03	28	2.50	0.08
54.36	61.46	50.64	28	2.50	0.09
46.09	76.36	37.23	28	3.00	0.01
51.85	58.74	48.35	28	3.00	0.02
55.05	62.71	50.96	28	3.00	0.03
55.85	63.42	51.84	28	3.00	0.04
56.30	63.81	52.14	28	3.00	0.05
55.72	62.96	51.78	28	3.00	0.06
55.71	63.10	51.63	28	3.00	0.07
55.92	63.62	51.80	28	3.00	0.08
55.80	63.22	51.88	28	3.00	0.09
45.67	76.17	36.68	28	3.50	0.01
51.93	59.19	48.35	28	3.50	0.02
55.61	63.37	51.48	28	3.50	0.03
56.07	63.96	51.84	28	3.50	0.04
55.34	63.08	51.19	28	3.50	0.05
55.57	63.09	51.53	28	3.50	0.06
55.08	62.51	51.11	28	3.50	0.07
54.78	61.97	50.94	28	3.50	0.08
54.43	61.58	50.75	28	3.50	0.09
45.16	75.44	36.27	28	4.00	0.01
51.64	58.66	48.09	28	4.00	0.02
55.49	63.10	51.37	28	4.00	0.03
55.91	63.58	51.82	28	4.00	0.04
55.79	63.86	51.47	28	4.00	0.05
55.98	63.91	51.72	28	4.00	0.06
55.80	63.62	51.62	28	4.00	0.07
56.27	64.27	52.08	28	4.00	0.08
55.82	63.73	51.76	28	4.00	0.09
44.96	75.09	36.22	28	4.50	0.01
52.30	59.34	48.72	28	4.50	0.02
55.68	63.30	51.53	28	4.50	0.03
55.59	63.39	51.49	28	4.50	0.04
56.10	64.33	51.63	28	4.50	0.05
56.44	64.70	51.95	28	4.50	0.06
56.19	64.65	51.76	28	4.50	0.07
55.77	63.84	51.61	28	4.50	0.08
55.47	63.45	51.36	28	4.50	0.09
45.36	75.59	36.55	29	1.00	0.01
49.41	55.80	46.31	29	1.00	0.02
51.54	58.11	48.21	29	1.00	0.03
52.13	59.15	48.58	29	1.00	0.04
52.62	59.93	48.80	29	1.00	0.05
53.28	60.76	49.24	29	1.00	0.06
52.83	59.88	49.09	29	1.00	0.07
53.31	60.38	49.43	29	1.00	0.08
52.70	59.38	49.16	29	1.00	0.09
45.17	75.50	36.26	29	1.50	0.01
50.40	57.10	47.05	29	1.50	0.02
52.33	59.72	48.49	29	1.50	0.03
53.43	60.82	49.41	29	1.50	0.04
52.98	60.09	49.21	29	1.50	0.05
53.15	60.27	49.24	29	1.50	0.06
53.56	60.69	49.74	29	1.50	0.07
53.75	60.83	49.87	29	1.50	0.08
52.53	59.53	48.88	29	1.50	0.09
45.05	75.49	36.03	29	2.00	0.01
50.92	58.09	47.26	29	2.00	0.02
54.03	61.80	49.82	29	2.00	0.03
54.46	62.21	50.32	29	2.00	0.04
55.22	63.27	50.88	29	2.00	0.05
54.23	61.72	50.18	29	2.00	0.06
52.99	60.08	49.13	29	2.00	0.07
53.44	60.70	49.58	29	2.00	0.08
53.86	61.15	50.06	29	2.00	0.09
45.44	76.05	36.38	29	2.50	0.01
51.35	58.80	47.53	29	2.50	0.02
54.83	62.90	50.41	29	2.50	0.03
54.56	62.68	50.15	29	2.50	0.04
53.69	61.52	49.61	29	2.50	0.05
53.88	61.64	49.71	29	2.50	0.06
54.03	61.51	49.94	29	2.50	0.07
53.43	61.19	49.19	29	2.50	0.08
52.97	60.43	49.05	29	2.50	0.09
46.00	76.50	36.94	29	3.00	0.01
51.34	58.91	47.44	29	3.00	0.02
55.00	63.20	50.49	29	3.00	0.03
54.60	62.35	50.50	29	3.00	0.04
55.28	63.21	50.92	29	3.00	0.05
54.66	62.41	50.33	29	3.00	0.06
54.43	62.14	50.15	29	3.00	0.07
54.90	62.78	50.50	29	3.00	0.08
54.71	62.76	50.40	29	3.00	0.09
45.70	76.44	36.49	29	3.50	0.01
51.31	58.92	47.45	29	3.50	0.02
55.17	63.44	50.68	29	3.50	0.03
55.47	63.86	50.88	29	3.50	0.04
54.47	62.70	50.05	29	3.50	0.05
54.66	62.83	50.21	29	3.50	0.06
54.23	62.24	49.92	29	3.50	0.07
53.70	61.51	49.48	29	3.50	0.08
53.83	61.81	49.66	29	3.50	0.09
44.79	75.23	35.75	29	4.00	0.01
50.89	58.31	47.06	29	4.00	0.02
54.47	62.39	50.21	29	4.00	0.03
54.79	62.77	50.46	29	4.00	0.04
54.94	63.50	50.32	29	4.00	0.05
55.19	63.73	50.62	29	4.00	0.06
55.51	64.39	50.77	29	4.00	0.07
55.35	64.03	50.79	29	4.00	0.08
54.59	62.89	50.25	29	4.00	0.09
45.07	75.45	36.10	29	4.50	0.01
51.52	59.07	47.64	29	4.50	0.02
54.61	62.65	50.24	29	4.50	0.03
54.82	63.06	50.44	29	4.50	0.04
54.83	63.37	50.17	29	4.50	0.05
54.97	63.49	50.39	29	4.50	0.06
55.04	63.50	50.54	29	4.50	0.07
54.89	63.34	50.41	29	4.50	0.08
54.48	62.93	50.06	29	4.50	0.09
44.78	75.18	35.84	30	1.00	0.01
48.47	55.08	45.18	30	1.00	0.02
51.13	58.21	47.45	30	1.00	0.03
51.80	59.05	48.00	30	1.00	0.04
52.05	59.72	47.97	30	1.00	0.05
52.95	60.84	48.65	30	1.00	0.06
52.34	59.75	48.26	30	1.00	0.07
53.08	60.74	48.83	30	1.00	0.08
51.82	58.93	48.00	30	1.00	0.09
44.94	75.54	35.77	30	1.50	0.01
50.26	57.99	46.41	30	1.50	0.02
52.23	59.85	48.17	30	1.50	0.03
52.79	60.52	48.57	30	1.50	0.04
53.01	60.98	48.66	30	1.50	0.05
53.24	61.22	48.77	30	1.50	0.06
53.14	60.77	48.89	30	1.50	0.07
53.22	60.76	49.00	30	1.50	0.08
52.06	59.38	48.15	30	1.50	0.09
45.11	75.62	36.00	30	2.00	0.01
50.17	57.70	46.25	30	2.00	0.02
53.39	61.63	48.91	30	2.00	0.03
53.86	62.14	49.41	30	2.00	0.04
54.52	62.85	50.04	30	2.00	0.05
53.24	61.07	48.96	30	2.00	0.06
53.01	60.65	48.79	30	2.00	0.07
53.09	60.96	48.79	30	2.00	0.08
52.56	60.17	48.48	30	2.00	0.09
45.48	76.40	36.13	30	2.50	0.01
51.20	59.29	46.93	30	2.50	0.02
53.92	62.33	49.31	30	2.50	0.03
53.52	61.86	48.96	30	2.50	0.04
52.67	60.75	48.35	30	2.50	0.05
53.13	61.27	48.72	30	2.50	0.06
52.77	60.58	48.43	30	2.50	0.07
52.65	60.72	48.25	30	2.50	0.08
52.41	60.50	48.09	30	2.50	0.09
45.90	76.54	36.73	30	3.00	0.01
50.55	58.56	46.43	30	3.00	0.02
53.48	61.76	49.08	30	3.00	0.03
54.03	62.38	49.64	30	3.00	0.04
54.30	62.56	49.77	30	3.00	0.05
53.82	62.14	49.20	30	3.00	0.06
53.74	61.95	49.23	30	3.00	0.07
54.39	62.68	49.79	30	3.00	0.08
53.93	62.25	49.43	30	3.00	0.09
45.69	76.71	36.21	30	3.50	0.01
50.53	58.63	46.35	30	3.50	0.02
54.23	62.72	49.57	30	3.50	0.03
54.18	62.85	49.48	30	3.50	0.04
53.64	62.16	48.99	30	3.50	0.05
53.51	62.09	48.81	30	3.50	0.06
53.65	62.37	48.93	30	3.50	0.07
53.43	61.89	48.77	30	3.50	0.08
53.25	61.70	48.74	30	3.50	0.09
44.75	75.40	35.62	30	4.00	0.01
50.04	57.72	46.08	30	4.00	0.02
53.70	61.86	49.11	30	4.00	0.03
54.53	63.10	49.87	30	4.00	0.04
54.41	63.46	49.53	30	4.00	0.05
53.44	62.14	48.75	30	4.00	0.06
54.38	63.55	49.45	30	4.00	0.07
54.84	63.83	50.07	30	4.00	0.08
53.31	61.64	48.88	30	4.00	0.09
44.99	75.69	35.78	30	4.50	0.01
51.16	59.41	46.93	30	4.50	0.02
53.54	62.01	48.92	30	4.50	0.03
53.85	62.31	49.34	30	4.50	0.04
53.79	62.54	48.96	30	4.50	0.05
53.85	62.50	49.16	30	4.50	0.06
54.45	63.14	49.72	30	4.50	0.07
54.14	63.04	49.34	30	4.50	0.08
53.14	61.71	48.63	30	4.50	0.09
45.15	75.80	35.98	31	1.00	0.01
48.13	55.30	44.52	31	1.00	0.02
50.87	58.53	46.88	31	1.00	0.03
50.81	58.29	46.91	31	1.00	0.04
50.84	58.74	46.69	31	1.00	0.05
52.37	60.61	47.83	31	1.00	0.06
51.95	59.84	47.54	31	1.00	0.07
51.69	59.70	47.23	31	1.00	0.08
51.18	58.73	47.08	31	1.00	0.09
44.93	75.62	35.63	31	1.50	0.01
49.71	57.71	45.76	31	1.50	0.02
51.02	59.14	46.66	31	1.50	0.03
52.36	60.46	47.95	31	1.50	0.04
52.32	60.46	47.80	31	1.50	0.05
52.33	60.66	47.67	31	1.50	0.06
51.98	59.83	47.58	31	1.50	0.07
52.27	60.33	47.79	31	1.50	0.08
51.31	58.91	47.18	31	1.50	0.09
45.01	75.79	35.69	31	2.00	0.01
49.59	57.74	45.33	31	2.00	0.02
52.81	61.67	47.98	31	2.00	0.03
53.27	62.22	48.42	31	2.00	0.04
53.76	62.59	48.90	31	2.00	0.05
52.24	60.61	47.69	31	2.00	0.06
52.42	60.65	47.83	31	2.00	0.07
52.41	60.73	47.80	31	2.00	0.08
51.79	59.92	47.51	31	2.00	0.09
45.42	76.47	35.99	31	2.50	0.01
50.30	58.56	45.97	31	2.50	0.02
53.19	61.93	48.40	31	2.50	0.03
52.33	60.97	47.60	31	2.50	0.04
51.68	60.32	47.12	31	2.50	0.05
52.03	60.55	47.40	31	2.50	0.06
51.89	60.15	47.34	31	2.50	0.07
52.47	60.84	47.88	31	2.50	0.08
51.78	60.12	47.31	31	2.50	0.09
45.49	76.34	36.11	31	3.00	0.01
49.76	58.22	45.39	31	3.00	0.02
52.17	60.79	47.51	31	3.00	0.03
52.81	61.54	48.11	31	3.00	0.04
53.45	62.35	48.60	31	3.00	0.05
52.59	61.12	47.85	31	3.00	0.06
52.67	60.97	48.08	31	3.00	0.07
53.11	61.49	48.43	31	3.00	0.08
52.80	61.49	48.08	31	3.00	0.09
45.65	77.06	35.99	31	3.50	0.01
50.15	58.49	45.81	31	3.50	0.02
53.17	61.85	48.43	31	3.50	0.03
52.50	61.14	47.75	31	3.50	0.04
52.51	61.27	47.74	31	3.50	0.05
52.78	61.81	47.89	31	3.50	0.06
52.52	61.36	47.74	31	3.50	0.07
52.69	61.47	47.89	31	3.50	0.08
52.57	61.10	47.92	31	3.50	0.09
45.17	76.12	35.80	31	4.00	0.01
49.83	57.82	45.72	31	4.00	0.02
52.48	61.02	47.76	31	4.00	0.03
53.40	62.09	48.65	31	4.00	0.04
53.33	62.61	48.24	31	4.00	0.05
53.21	62.42	48.24	31	4.00	0.06
53.38	62.70	48.38	31	4.00	0.07
53.87	63.13	48.88	31	4.00	0.08
52.29	60.89	47.71	31	4.00	0.09
44.92	75.78	35.54	31	4.50	0.01
50.24	58.47	45.99	31	4.50	0.02
52.41	61.23	47.59	31	4.50	0.03
53.17	62.09	48.28	31	4.50	0.04
52.75	61.71	47.84	31	4.50	0.05
52.54	61.31	47.84	31	4.50	0.06
52.87	61.87	47.99	31	4.50	0.07
52.76	61.80	47.87	31	4.50	0.08
52.62	61.48	47.90	31	4.50	0.09
45.10	75.94	35.81	32	1.00	0.01
48.16	55.85	44.26	32	1.00	0.02
50.61	59.11	46.11	32	1.00	0.03
49.94	57.84	45.82	32	1.00	0.04
50.31	58.74	45.86	32	1.00	0.05
51.45	59.66	46.86	32	1.00	0.06
51.06	59.53	46.38	32	1.00	0.07
50.95	59.34	46.24	32	1.00	0.08
51.09	59.00	46.71	32	1.00	0.09
44.59	75.54	35.13	32	1.50	0.01
49.06	57.32	44.98	32	1.50	0.02
50.85	59.67	46.12	32	1.50	0.03
52.02	61.01	47.14	32	1.50	0.04
51.78	60.50	46.90	32	1.50	0.05
51.88	60.64	46.90	32	1.50	0.06
51.79	60.23	47.00	32	1.50	0.07
51.75	60.16	47.02	32	1.50	0.08
50.39	58.37	46.07	32	1.50	0.09
45.07	76.07	35.56	32	2.00	0.01
49.80	58.73	45.04	32	2.00	0.02
51.86	60.91	46.90	32	2.00	0.03
52.73	62.07	47.59	32	2.00	0.04
52.24	61.54	47.15	32	2.00	0.05
51.76	60.40	46.97	32	2.00	0.06
51.50	60.04	46.74	32	2.00	0.07
51.05	59.64	46.28	32	2.00	0.08
51.07	59.49	46.61	32	2.00	0.09
45.40	76.61	35.83	32	2.50	0.01
50.03	58.69	45.45	32	2.50	0.02
52.25	61.40	47.28	32	2.50	0.03
51.74	60.85	46.84	32	2.50	0.04
50.90	59.39	46.28	32	2.50	0.05
51.41	60.38	46.49	32	2.50	0.06
51.17	60.09	46.28	32	2.50	0.07
50.86	59.39	46.20	32	2.50	0.08
51.18	59.77	46.59	32	2.50	0.09
45.40	76.48	35.83	32	3.00	0.01
49.10	57.66	44.67	32	3.00	0.02
51.17	60.18	46.35	32	3.00	0.03
51.63	60.63	46.74	32	3.00	0.04
52.21	61.31	47.21	32	3.00	0.05
51.66	60.52	46.73	32	3.00	0.06
52.18	60.99	47.24	32	3.00	0.07
52.70	61.46	47.83	32	3.00	0.08
51.81	60.67	46.98	32	3.00	0.09
45.37	76.96	35.61	32	3.50	0.01
49.33	57.88	44.85	32	3.50	0.02
52.16	61.29	47.17	32	3.50	0.03
51.77	60.92	46.71	32	3.50	0.04
51.72	61.11	46.63	32	3.50	0.05
52.28	61.70	47.15	32	3.50	0.06
52.05	61.41	46.98	32	3.50	0.07
52.06	61.25	47.01	32	3.50	0.08
51.71	60.74	46.84	32	3.50	0.09
45.02	76.21	35.49	32	4.00	0.01
49.63	58.26	45.10	32	4.00	0.02
52.07	61.11	47.10	32	4.00	0.03
52.42	61.36	47.45	32	4.00	0.04
52.23	61.67	47.06	32	4.00	0.05
52.29	61.76	47.21	32	4.00	0.06
52.07	61.36	47.02	32	4.00	0.07
52.66	62.16	47.47	32	4.00	0.08
51.42	60.23	46.71	32	4.00	0.09
44.72	75.72	35.26	32	4.50	0.01
49.63	58.08	45.22	32	4.50	0.02
51.75	60.86	46.76	32	4.50	0.03
52.21	61.48	47.09	32	4.50	0.04
51.95	61.13	46.91	32	4.50	0.05
51.52	60.62	46.60	32	4.50	0.06
51.76	61.00	46.78	32	4.50	0.07
51.74	60.85	46.69	32	4.50	0.08
51.78	61.06	46.79	32	4.50	0.09
44.83	75.74	35.38	33	1.00	0.01
47.72	55.62	43.60	33	1.00	0.02
50.21	59.23	45.38	33	1.00	0.03
49.37	57.58	45.04	33	1.00	0.04
50.10	58.88	45.37	33	1.00	0.05
50.27	58.66	45.61	33	1.00	0.06
50.57	59.55	45.64	33	1.00	0.07
50.27	58.83	45.54	33	1.00	0.08
50.77	59.34	46.08	33	1.00	0.09
44.46	75.43	34.96	33	1.50	0.01
48.47	57.27	43.97	33	1.50	0.02
50.56	59.80	45.61	33	1.50	0.03
51.18	60.28	46.21	33	1.50	0.04
51.57	60.87	46.37	33	1.50	0.05
50.62	59.61	45.59	33	1.50	0.06
51.07	59.87	46.08	33	1.50	0.07
51.05	60.13	46.04	33	1.50	0.08
50.09	58.67	45.41	33	1.50	0.09
44.90	76.13	35.20	33	2.00	0.01
49.08	58.08	44.28	33	2.00	0.02
50.41	59.44	45.51	33	2.00	0.03
51.61	61.19	46.40	33	2.00	0.04
51.58	61.40	46.25	33	2.00	0.05
50.91	60.12	45.83	33	2.00	0.06
50.45	59.33	45.47	33	2.00	0.07
50.27	59.16	45.44	33	2.00	0.08
50.14	59.16	45.39	33	2.00	0.09
45.11	76.33	35.49	33	2.50	0.01
49.93	59.46	44.83	33	2.50	0.02
51.13	60.46	46.13	33	2.50	0.03
51.06	60.71	45.91	33	2.50	0.04
50.06	59.02	45.21	33	2.50	0.05
51.12	60.34	46.05	33	2.50	0.06
50.41	59.53	45.38	33	2.50	0.07
50.17	59.04	45.29	33	2.50	0.08
49.95	59.04	45.09	33	2.50	0.09
45.36	76.65	35.67	33	3.00	0.01
49.27	58.59	44.40	33	3.00	0.02
50.62	60.19	45.44	33	3.00	0.03
51.35	60.95	46.09	33	3.00	0.04
51.57	61.32	46.25	33	3.00	0.05
50.73	59.76	45.70	33	3.00	0.06
51.20	60.11	46.20	33	3.00	0.07
51.74	60.73	46.71	33	3.00	0.08
51.43	60.70	46.34	33	3.00	0.09
45.31	76.88	35.52	33	3.50	0.01
48.64	57.58	43.92	33	3.50	0.02
51.84	61.52	46.51	33	3.50	0.03
51.10	60.51	45.96	33	3.50	0.04
51.07	60.41	45.98	33	3.50	0.05
51.34	60.70	46.20	33	3.50	0.06
51.27	60.86	46.07	33	3.50	0.07
51.05	60.46	45.90	33	3.50	0.08
50.67	59.84	45.72	33	3.50	0.09
44.96	76.23	35.34	33	4.00	0.01
49.04	58.06	44.30	33	4.00	0.02
52.00	61.43	46.76	33	4.00	0.03
51.71	61.22	46.46	33	4.00	0.04
51.46	61.06	46.17	33	4.00	0.05
51.20	60.64	46.07	33	4.00	0.06
51.44	61.06	46.16	33	4.00	0.07
51.67	61.33	46.43	33	4.00	0.08
50.68	59.72	45.78	33	4.00	0.09
44.86	76.11	35.22	33	4.50	0.01
49.32	58.24	44.61	33	4.50	0.02
51.16	60.65	45.95	33	4.50	0.03
51.41	61.00	46.18	33	4.50	0.04
51.34	61.00	46.06	33	4.50	0.05
51.01	60.40	45.90	33	4.50	0.06
51.25	61.01	45.95	33	4.50	0.07
51.63	61.57	46.19	33	4.50	0.08
51.78	61.76	46.42	33	4.50	0.09
44.60	75.65	35.06	34	1.00	0.01
46.60	54.65	42.45	34	1.00	0.02
49.30	58.31	44.45	34	1.00	0.03
48.30	56.69	43.91	34	1.00	0.04
49.33	58.24	44.45	34	1.00	0.05
49.77	58.40	45.02	34	1.00	0.06
50.51	59.92	45.32	34	1.00	0.07
50.00	59.05	45.05	34	1.00	0.08
49.93	59.02	45.01	34	1.00	0.09
44.41	75.57	34.73	34	1.50	0.01
48.42	57.71	43.60	34	1.50	0.02
49.84	59.30	44.77	34	1.50	0.03
49.99	59.29	44.88	34	1.50	0.04
50.96	60.74	45.51	34	1.50	0.05
49.83	59.10	44.71	34	1.50	0.06
50.42	59.75	45.16	34	1.50	0.07
51.12	60.89	45.76	34	1.50	0.08
49.43	58.69	44.43	34	1.50	0.09
44.75	76.14	34.95	34	2.00	0.01
48.35	57.38	43.55	34	2.00	0.02
49.46	58.81	44.40	34	2.00	0.03
50.66	60.56	45.29	34	2.00	0.04
51.26	61.31	45.74	34	2.00	0.05
49.72	58.86	44.63	34	2.00	0.06
50.06	59.47	44.81	34	2.00	0.07
49.52	58.78	44.51	34	2.00	0.08
49.56	58.98	44.58	34	2.00	0.09
44.97	76.42	35.21	34	2.50	0.01
48.39	57.64	43.48	34	2.50	0.02
50.15	59.78	44.94	34	2.50	0.03
50.38	60.25	45.04	34	2.50	0.04
49.56	58.96	44.44	34	2.50	0.05
50.85	60.58	45.51	34	2.50	0.06
49.78	59.28	44.51	34	2.50	0.07
49.63	58.91	44.49	34	2.50	0.08
49.89	59.54	44.72	34	2.50	0.09
45.37	76.93	35.45	34	3.00	0.01
48.52	58.17	43.42	34	3.00	0.02
50.12	60.05	44.78	34	3.00	0.03
50.42	60.17	45.11	34	3.00	0.04
51.04	61.10	45.64	34	3.00	0.05
50.62	60.06	45.41	34	3.00	0.06
50.57	59.87	45.45	34	3.00	0.07
51.07	60.48	45.90	34	3.00	0.08
51.17	60.96	45.86	34	3.00	0.09
45.29	77.06	35.34	34	3.50	0.01
47.96	57.00	43.20	34	3.50	0.02
50.78	60.72	45.35	34	3.50	0.03
49.99	59.43	44.92	34	3.50	0.04
50.57	60.20	45.24	34	3.50	0.05
50.35	59.94	45.05	34	3.50	0.06
50.88	60.67	45.47	34	3.50	0.07
50.69	60.48	45.32	34	3.50	0.08
49.99	59.62	44.87	34	3.50	0.09
44.95	76.45	35.18	34	4.00	0.01
48.54	58.16	43.50	34	4.00	0.02
51.20	60.97	45.82	34	4.00	0.03
50.78	60.75	45.33	34	4.00	0.04
51.13	61.24	45.55	34	4.00	0.05
50.79	60.82	45.36	34	4.00	0.06
51.11	60.92	45.66	34	4.00	0.07
51.16	61.03	45.80	34	4.00	0.08
50.53	60.32	45.29	34	4.00	0.09
45.00	76.50	35.19	34	4.50	0.01
48.95	58.51	43.93	34	4.50	0.02
50.92	60.89	45.48	34	4.50	0.03
51.04	61.33	45.43	34	4.50	0.04
50.79	60.73	45.38	34	4.50	0.05
50.77	60.90	45.35	34	4.50	0.06
50.51	60.62	45.02	34	4.50	0.07
50.79	60.83	45.28	34	4.50	0.08
51.09	61.44	45.55	34	4.50	0.09
44.32	75.48	34.69	35	1.00	0.01
46.11	54.47	41.79	35	1.00	0.02
48.16	57.39	43.27	35	1.00	0.03
47.96	56.61	43.33	35	1.00	0.04
48.95	58.29	43.89	35	1.00	0.05
48.93	57.95	44.06	35	1.00	0.06
49.26	58.62	44.15	35	1.00	0.07
49.02	58.33	44.02	35	1.00	0.08
49.48	58.80	44.45	35	1.00	0.09
44.33	75.59	34.56	35	1.50	0.01
48.13	57.82	43.05	35	1.50	0.02
49.03	58.75	43.82	35	1.50	0.03
49.52	59.36	44.12	35	1.50	0.04
49.85	59.89	44.33	35	1.50	0.05
49.82	59.90	44.35	35	1.50	0.06
49.63	59.24	44.28	35	1.50	0.07
49.90	59.70	44.43	35	1.50	0.08
48.90	58.59	43.66	35	1.50	0.09
44.74	76.26	34.83	35	2.00	0.01
48.05	57.41	43.08	35	2.00	0.02
49.00	58.87	43.71	35	2.00	0.03
49.74	59.66	44.35	35	2.00	0.04
50.45	60.71	44.86	35	2.00	0.05
49.50	59.15	44.26	35	2.00	0.06
49.57	59.61	44.07	35	2.00	0.07
49.15	58.90	43.87	35	2.00	0.08
48.95	58.58	43.83	35	2.00	0.09
44.80	76.42	34.90	35	2.50	0.01
48.23	57.89	43.06	35	2.50	0.02
49.06	58.74	43.85	35	2.50	0.03
49.71	59.74	44.22	35	2.50	0.04
48.70	58.19	43.54	35	2.50	0.05
49.79	59.72	44.40	35	2.50	0.06
49.16	58.94	43.80	35	2.50	0.07
49.19	58.77	43.96	35	2.50	0.08
49.07	59.06	43.75	35	2.50	0.09
45.16	76.89	35.17	35	3.00	0.01
47.55	57.15	42.43	35	3.00	0.02
49.57	59.85	44.00	35	3.00	0.03
49.78	59.83	44.32	35	3.00	0.04
50.18	60.29	44.77	35	3.00	0.05
50.16	59.94	44.76	35	3.00	0.06
50.04	59.79	44.81	35	3.00	0.07
49.98	59.72	44.60	35	3.00	0.08
50.81	60.99	45.31	35	3.00	0.09
45.24	77.11	35.20	35	3.50	0.01
47.27	56.59	42.33	35	3.50	0.02
50.07	60.31	44.50	35	3.50	0.03
49.50	59.74	44.07	35	3.50	0.04
49.68	59.56	44.28	35	3.50	0.05
49.27	58.99	43.97	35	3.50	0.06
50.06	60.36	44.46	35	3.50	0.07
50.13	60.12	44.56	35	3.50	0.08
49.41	59.32	44.10	35	3.50	0.09
44.88	76.44	35.06	35	4.00	0.01
48.29	58.25	43.06	35	4.00	0.02
50.19	60.33	44.64	35	4.00	0.03
49.99	60.14	44.49	35	4.00	0.04
50.41	60.66	44.73	35	4.00	0.05
50.63	61.03	44.87	35	4.00	0.06
50.89	61.37	45.10	35	4.00	0.07
50.52	60.95	44.90	35	4.00	0.08
50.24	60.72	44.58	35	4.00	0.09
44.92	76.50	35.03	35	4.50	0.01
48.20	58.02	43.04	35	4.50	0.02
50.10	60.24	44.57	35	4.50	0.03
50.04	60.22	44.51	35	4.50	0.04
50.41	60.91	44.78	35	4.50	0.05
50.24	60.70	44.61	35	4.50	0.06
50.17	60.72	44.43	35	4.50	0.07
50.62	61.25	44.82	35	4.50	0.08
50.32	60.62	44.78	35	4.50	0.09
43.99	75.17	34.28	36	1.00	0.01
46.03	54.89	41.38	36	1.00	0.02
47.56	57.12	42.41	36	1.00	0.03
47.12	55.90	42.39	36	1.00	0.04
48.37	57.73	43.26	36	1.00	0.05
48.09	57.46	43.04	36	1.00	0.06
48.64	58.33	43.43	36	1.00	0.07
48.64	58.15	43.48	36	1.00	0.08
48.76	58.21	43.64	36	1.00	0.09
44.40	75.81	34.56	36	1.50	0.01
47.24	57.00	42.20	36	1.50	0.02
48.21	58.13	42.91	36	1.50	0.03
48.63	58.44	43.23	36	1.50	0.04
49.46	60.03	43.70	36	1.50	0.05
49.20	59.51	43.61	36	1.50	0.06
48.89	58.72	43.46	36	1.50	0.07
48.90	58.77	43.47	36	1.50	0.08
48.22	58.03	42.90	36	1.50	0.09
44.82	76.47	34.80	36	2.00	0.01
47.27	56.93	42.16	36	2.00	0.02
48.65	59.03	43.18	36	2.00	0.03
49.58	59.88	43.99	36	2.00	0.04
50.29	60.96	44.49	36	2.00	0.05
49.87	60.31	44.15	36	2.00	0.06
48.79	59.01	43.20	36	2.00	0.07
49.33	59.82	43.61	36	2.00	0.08
48.56	58.79	43.15	36	2.00	0.09
44.57	76.20	34.66	36	2.50	0.01
47.40	57.34	42.17	36	2.50	0.02
48.36	58.45	42.90	36	2.50	0.03
49.04	59.45	43.45	36	2.50	0.04
48.35	58.31	42.92	36	2.50	0.05
49.33	59.46	43.82	36	2.50	0.06
49.24	59.47	43.68	36	2.50	0.07
48.74	58.77	43.31	36	2.50	0.08
48.80	59.06	43.29	36	2.50	0.09
44.91	76.76	34.85	36	3.00	0.01
47.36	57.39	42.02	36	3.00	0.02
48.78	59.16	43.11	36	3.00	0.03
49.13	59.55	43.50	36	3.00	0.04
49.47	60.27	43.70	36	3.00	0.05
49.84	60.38	44.06	36	3.00	0.06
49.46	59.54	44.00	36	3.00	0.07
48.88	58.73	43.52	36	3.00	0.08
49.66	59.70	44.25	36	3.00	0.09
45.29	77.23	35.22	36	3.50	0.01
47.07	56.93	41.88	36	3.50	0.02
49.17	59.63	43.53	36	3.50	0.03
49.15	59.66	43.48	36	3.50	0.04
49.24	59.41	43.73	36	3.50	0.05
48.79	59.15	43.29	36	3.50	0.06
49.16	59.60	43.51	36	3.50	0.07
49.38	59.53	43.74	36	3.50	0.08
49.07	59.34	43.55	36	3.50	0.09
44.44	76.01	34.51	36	4.00	0.01
48.22	58.42	42.72	36	4.00	0.02
48.87	59.20	43.36	36	4.00	0.03
49.50	60.29	43.68	36	4.00	0.04
49.58	60.30	43.68	36	4.00	0.05
50.01	60.51	44.23	36	4.00	0.06
50.00	60.91	44.06	36	4.00	0.07
49.62	60.07	43.94	36	4.00	0.08
49.62	60.16	43.89	36	4.00	0.09
44.54	76.29	34.56	36	4.50	0.01
48.19	58.49	42.76	36	4.50	0.02
49.76	60.41	44.00	36	4.50	0.03
49.74	60.60	43.93	36	4.50	0.04
49.76	60.42	44.00	36	4.50	0.05
49.94	61.04	43.96	36	4.50	0.06
49.81	60.78	43.86	36	4.50	0.07
49.88	60.78	44.01	36	4.50	0.08
49.27	59.92	43.61	36	4.50	0.09
43.87	75.21	34.10	37	1.00	0.01
45.57	54.73	40.79	37	1.00	0.02
47.43	57.28	42.13	37	1.00	0.03
47.20	56.69	42.07	37	1.00	0.04
47.88	57.64	42.67	37	1.00	0.05
47.88	57.56	42.66	37	1.00	0.06
48.27	58.38	42.90	37	1.00	0.07
48.29	58.18	42.97	37	1.00	0.08
48.48	58.32	43.15	37	1.00	0.09
44.33	75.78	34.42	37	1.50	0.01
47.04	57.43	41.66	37	1.50	0.02
47.91	58.15	42.44	37	1.50	0.03
48.08	58.31	42.53	37	1.50	0.04
48.73	59.54	42.93	37	1.50	0.05
48.67	59.29	42.91	37	1.50	0.06
48.32	58.49	42.74	37	1.50	0.07
48.56	59.10	42.83	37	1.50	0.08
47.62	57.75	42.15	37	1.50	0.09
44.91	76.70	34.78	37	2.00	0.01
46.75	56.87	41.44	37	2.00	0.02
47.88	58.48	42.29	37	2.00	0.03
49.02	59.97	43.13	37	2.00	0.04
49.11	60.14	43.23	37	2.00	0.05
48.95	59.45	43.19	37	2.00	0.06
48.19	58.64	42.51	37	2.00	0.07
48.80	59.48	43.02	37	2.00	0.08
47.99	58.52	42.31	37	2.00	0.09
44.60	76.29	34.64	37	2.50	0.01
47.37	58.01	41.83	37	2.50	0.02
48.33	58.92	42.66	37	2.50	0.03
48.50	59.19	42.70	37	2.50	0.04
48.72	59.47	42.86	37	2.50	0.05
49.32	60.15	43.49	37	2.50	0.06
49.27	60.15	43.42	37	2.50	0.07
48.34	58.47	42.80	37	2.50	0.08
48.47	58.93	42.82	37	2.50	0.09
45.31	77.41	35.08	37	3.00	0.01
47.53	57.96	41.99	37	3.00	0.02
48.24	59.17	42.35	37	3.00	0.03
48.95	59.98	42.98	37	3.00	0.04
48.61	59.57	42.80	37	3.00	0.05
49.38	60.33	43.43	37	3.00	0.06
49.17	59.85	43.36	37	3.00	0.07
48.40	58.70	42.83	37	3.00	0.08
49.21	59.96	43.42	37	3.00	0.09
45.41	77.53	35.20	37	3.50	0.01
47.01	57.19	41.59	37	3.50	0.02
48.72	59.50	42.93	37	3.50	0.03
48.93	60.01	42.97	37	3.50	0.04
48.75	59.17	43.03	37	3.50	0.05
48.84	59.66	42.97	37	3.50	0.06
48.99	59.72	43.09	37	3.50	0.07
49.07	59.65	43.20	37	3.50	0.08
48.53	59.03	42.82	37	3.50	0.09
44.54	76.18	34.53	37	4.00	0.01
48.13	58.96	42.32	37	4.00	0.02
48.92	60.07	43.03	37	4.00	0.03
48.96	59.80	43.06	37	4.00	0.04
48.75	59.60	42.85	37	4.00	0.05
49.24	60.27	43.27	37	4.00	0.06
49.25	60.31	43.28	37	4.00	0.07
49.48	60.55	43.47	37	4.00	0.08
49.20	60.02	43.34	37	4.00	0.09
44.43	76.24	34.36	37	4.50	0.01
47.80	58.53	42.09	37	4.50	0.02
49.24	60.21	43.33	37	4.50	0.03
49.04	60.16	43.09	37	4.50	0.04
48.79	59.60	42.98	37	4.50	0.05
49.48	60.65	43.41	37	4.50	0.06
49.37	60.72	43.25	37	4.50	0.07
49.21	60.50	43.17	37	4.50	0.08
48.40	59.00	42.76	37	4.50	0.09
43.51	74.96	33.64	38	1.00	0.01
44.98	54.33	40.10	38	1.00	0.02
47.45	57.79	41.91	38	1.00	0.03
46.99	56.95	41.63	38	1.00	0.04
47.48	57.65	42.05	38	1.00	0.05
47.65	57.70	42.18	38	1.00	0.06
48.40	58.77	42.86	38	1.00	0.07
48.12	58.43	42.53	38	1.00	0.08
48.03	58.03	42.52	38	1.00	0.09
44.41	75.90	34.45	38	1.50	0.01
46.86	57.57	41.28	38	1.50	0.02
48.16	58.99	42.37	38	1.50	0.03
47.79	58.66	41.97	38	1.50	0.04
48.42	59.64	42.43	38	1.50	0.05
48.08	58.76	42.31	38	1.50	0.06
48.21	58.84	42.44	38	1.50	0.07
48.41	59.25	42.54	38	1.50	0.08
47.20	57.51	41.67	38	1.50	0.09
44.73	76.51	34.62	38	2.00	0.01
46.82	57.39	41.23	38	2.00	0.02
47.88	58.99	42.02	38	2.00	0.03
48.54	59.73	42.64	38	2.00	0.04
48.44	60.01	42.38	38	2.00	0.05
48.26	58.91	42.42	38	2.00	0.06
47.81	58.56	41.99	38	2.00	0.07
48.13	59.17	42.20	38	2.00	0.08
47.78	58.65	41.94	38	2.00	0.09
44.56	76.43	34.41	38	2.50	0.01
47.55	58.53	41.74	38	2.50	0.02
48.33	59.52	42.38	38	2.50	0.03
48.19	59.53	42.10	38	2.50	0.04
48.27	59.64	42.19	38	2.50	0.05
49.04	60.15	43.03	38	2.50	0.06
49.00	60.19	43.03	38	2.50	0.07
47.98	58.40	42.32	38	2.50	0.08
47.92	58.51	42.23	38	2.50	0.09
45.30	77.60	34.95	38	3.00	0.01
47.22	58.12	41.39	38	3.00	0.02
47.83	59.11	41.77	38	3.00	0.03
48.47	59.84	42.38	38	3.00	0.04
48.45	59.75	42.43	38	3.00	0.05
48.43	59.51	42.41	38	3.00	0.06
48.49	59.38	42.62	38	3.00	0.07
48.13	58.91	42.29	38	3.00	0.08
48.34	59.12	42.56	38	3.00	0.09
44.91	77.01	34.69	38	3.50	0.01
47.07	57.80	41.38	38	3.50	0.02
47.79	59.03	41.76	38	3.50	0.03
48.58	59.99	42.42	38	3.50	0.04
48.11	58.89	42.25	38	3.50	0.05
48.12	58.90	42.30	38	3.50	0.06
48.13	58.90	42.25	38	3.50	0.07
48.49	59.24	42.58	38	3.50	0.08
48.19	58.76	42.41	38	3.50	0.09
44.34	76.09	34.23	38	4.00	0.01
47.65	58.75	41.72	38	4.00	0.02
48.14	59.43	42.14	38	4.00	0.03
47.71	58.50	41.88	38	4.00	0.04
48.38	59.62	42.36	38	4.00	0.05
48.06	58.90	42.21	38	4.00	0.06
48.32	59.34	42.42	38	4.00	0.07
49.06	60.55	42.89	38	4.00	0.08
48.90	60.27	42.81	38	4.00	0.09
43.79	75.65	33.67	38	4.50	0.01
47.25	58.20	41.42	38	4.50	0.02
48.32	59.64	42.29	38	4.50	0.03
48.42	59.51	42.48	38	4.50	0.04
47.93	58.87	42.09	38	4.50	0.05
48.86	60.03	42.78	38	4.50	0.06
48.53	59.89	42.44	38	4.50	0.07
48.70	60.29	42.48	38	4.50	0.08
48.76	60.09	42.78	38	4.50	0.09
43.67	75.25	33.68	39	1.00	0.01
45.18	55.07	39.96	39	1.00	0.02
47.48	58.35	41.73	39	1.00	0.03
47.16	57.60	41.53	39	1.00	0.04
47.37	57.81	41.79	39	1.00	0.05
47.72	58.30	42.04	39	1.00	0.06
48.20	58.98	42.31	39	1.00	0.07
48.05	59.00	42.12	39	1.00	0.08
47.63	58.18	41.89	39	1.00	0.09
44.28	75.97	34.21	39	1.50	0.01
46.18	57.51	40.38	39	1.50	0.02
48.14	59.35	42.15	39	1.50	0.03
48.31	59.82	42.17	39	1.50	0.04
48.43	60.04	42.27	39	1.50	0.05
47.84	58.93	41.89	39	1.50	0.06
47.84	58.86	41.87	39	1.50	0.07
48.68	60.32	42.42	39	1.50	0.08
47.59	58.69	41.75	39	1.50	0.09
44.88	76.82	34.62	39	2.00	0.01
46.57	57.51	40.79	39	2.00	0.02
47.55	58.90	41.57	39	2.00	0.03
48.51	60.18	42.28	39	2.00	0.04
48.31	60.06	42.00	39	2.00	0.05
47.77	58.92	41.74	39	2.00	0.06
47.47	58.47	41.58	39	2.00	0.07
47.55	58.60	41.61	39	2.00	0.08
47.03	57.95	41.20	39	2.00	0.09
44.58	76.63	34.33	39	2.50	0.01
46.89	57.96	41.03	39	2.50	0.02
48.08	59.85	41.82	39	2.50	0.03
48.38	60.41	41.94	39	2.50	0.04
48.03	59.76	41.76	39	2.50	0.05
48.78	60.27	42.63	39	2.50	0.06
48.73	60.41	42.45	39	2.50	0.07
47.79	58.62	41.95	39	2.50	0.08
47.61	58.52	41.86	39	2.50	0.09
44.95	77.38	34.50	39	3.00	0.01
47.56	59.24	41.37	39	3.00	0.02
47.12	58.40	41.10	39	3.00	0.03
47.45	58.69	41.42	39	3.00	0.04
47.98	59.48	41.88	39	3.00	0.05
48.04	59.53	41.85	39	3.00	0.06
48.36	59.82	42.23	39	3.00	0.07
47.45	58.45	41.50	39	3.00	0.08
47.31	58.10	41.52	39	3.00	0.09
44.70	76.89	34.45	39	3.50	0.01
46.78	57.63	40.95	39	3.50	0.02
47.74	59.41	41.54	39	3.50	0.03
47.95	59.56	41.72	39	3.50	0.04
47.55	58.57	41.58	39	3.50	0.05
48.46	59.87	42.32	39	3.50	0.06
47.88	58.96	41.87	39	3.50	0.07
48.01	59.08	41.92	39	3.50	0.08
47.59	58.27	41.75	39	3.50	0.09
44.54	76.61	34.26	39	4.00	0.01
47.25	58.62	41.19	39	4.00	0.02
48.17	59.80	41.89	39	4.00	0.03
47.33	58.74	41.29	39	4.00	0.04
48.14	59.66	41.87	39	4.00	0.05
47.62	58.85	41.58	39	4.00	0.06
47.73	58.84	41.73	39	4.00	0.07
48.21	59.79	42.02	39	4.00	0.08
47.60	58.89	41.61	39	4.00	0.09
43.79	75.93	33.53	39	4.50	0.01
47.39	59.01	41.25	39	4.50	0.02
47.96	59.35	41.90	39	4.50	0.03
47.97	59.32	41.90	39	4.50	0.04
47.51	58.51	41.59	39	4.50	0.05
48.06	59.26	41.99	39	4.50	0.06
47.65	58.83	41.67	39	4.50	0.07
48.23	59.93	41.96	39	4.50	0.08
47.81	59.12	41.87	39	4.50	0.09
